1.1345909355148165
1.12157868491653
1.1171995030281363
1.1198576817063641
1.1284782718896016
1.1422838163509272
1.1607220600862922
1.1834023488995193
1.210017397224954
1.2402828395980676
1.274144502135765
1.3114728300822611
1.3520643165665012
1.3960777562673845
1.4433224068566017
1.493850453206243
1.5477583674192812
1.6048492397388516
1.6654684023764244
1.7293540258995435
1.7968144370096906
1.8678076211405228
1.9423040511737002
2.0206580944384287
2.1025672275903005
2.1885498299865227
2.278337009016098
2.3722410287439706
2.470376712372632
2.5725741816593914
2.6794115824436173
2.7904694918163298
2.9063776662359246
3.0269210211604096
3.152281100669999
3.282830156813784
3.4181983271105247
3.5591823344150457
3.705276643024159
3.8571411604690264
4.014711613923438
4.177937218091505
4.347521038665026
4.522877501054753
4.704990795193342
4.893350377371062
5.088523964993054
5.290719258296141
5.499613647065485
5.716217193167148
5.9400622247717285
6.171495823818362
6.41082846818511
6.658253512700219
6.913982830325233
7.1783161086351415
7.451414699035038
7.733635359321834
8.025094553580974
8.326203289982985
8.637261356512475
8.95850033014628
9.290134507625925
9.63259575024603
9.986450128733235
10.351719757614768
10.72886822655572
11.118354944066779
11.520617404573601
11.93608849651454
12.365180346424962
12.808340777154928
13.266467969874482
13.740160595128549
14.229876997971015
14.735906815186896
15.259542053175839
15.801862560724091
16.363135910899377
16.94421319385162
17.547203511536516
18.172400445669346
18.82099188192287
19.49554671522979
20.19644527176874
20.926218999226347
21.687274450728577
22.480747837688163
23.310847255861155
24.179805070226035
25.090962480443512
26.04958611262659
27.059170762692318
28.126744348422992
29.258664943669352
30.462921991317405
31.750653223774645
33.13356838110304
34.62838222075417
36.25531792585065
