1.5000000000000218
1.5155264625312779
1.5291420728659606
1.5411378475297124
1.5517340933176482
1.561111515359927
1.5694164171006184
1.5767686083264496
1.5832750237686162
1.5890399731074003
1.5941191636475802
1.5985853789982905
1.602524725291377
1.6059495552389742
1.608940408355548
1.6115285505526897
1.6137372427830103
1.6156393891997458
1.61721328518361
1.6185377620377033
1.619597427374333
1.6204320698099988
1.6210761678666692
1.6215096398737319
1.621801730724834
1.6219114742427567
1.621899096419081
1.621750848901177
1.6214779672803092
1.6211211507906895
1.6206404287004397
1.6200996528309406
1.6194562512513226
1.6187504776941593
1.6179832684282147
1.6171404662271673
1.6162693824424998
1.6153223393830805
1.614354274570937
1.6133309485760352
1.6122724129190305
1.611195325815066
1.6100676606333832
1.6089391938438087
1.6077630745880005
1.6065817883327602
1.6053750643830365
1.6041442125800893
1.602916492034673
1.6016530964040088
1.6003877056569484
1.599114118989776
1.597828801030782
1.5965336772112513
1.5952299374369832
1.5939155931001667
1.5925941199738058
1.5912620249341802
1.589924490767209
1.5885768129061368
1.5872185916636858
1.585851735092372
1.584478600749113
1.5830954650804536
1.5816958042236953
1.5802881038538932
1.5788690692165757
1.5774361868666502
1.575988033004485
1.5745237343716219
1.5730432367972063
1.571546023230098
1.5700230254474825
1.568472418695984
1.566895536487127
1.5652968489061931
1.563663404984467
1.561987874948878
1.5602772666950495
1.5585291010447921
1.5567230482585395
1.5548679786682904
1.5529597854978654
1.550977158853687
1.5489303889958
1.5468025284865545
1.5445812536884993
1.5422714161806217
1.539844303791329
1.537297391639001
1.5346185085840365
1.5317798234339446
1.528776062593506
1.5255727690825183
1.5221489591879955
1.5184762268878702
1.5145090768073575
1.5102094129980947
1.505514594276746
1.5003555440275909
