2.28650150387705e-05	0.000210372131756291	0.00214733330416915	0.0132285968100277	0.0500818260088824	0.126586319741105	0.227512056246782	0.302253618110133
2.4297205738683e-05	0.000223496231435733	0.00228148010652925	0.0140476774774021	0.0531067717893666	0.133873475927293	0.239906080461687	0.318141227724115
2.5415454792241e-05	0.000237177185053858	0.0024208693738416	0.0149000914454852	0.056254201888312	0.141458546887298	0.252838341640047	0.334772808998106
2.69711372673057e-05	0.000251400903592459	0.00256592727022932	0.0157864845824195	0.0595268089324103	0.14934996068377	0.266322407871555	0.352168535195152
2.9118528181933e-05	0.000266181829960034	0.00271648910319204	0.0167076057558101	0.0629273388759413	0.15755559343734	0.280377534761067	0.370345828758608
3.08470245586046e-05	0.000281535306221515	0.00287308589821071	0.0176641538590825	0.0664587256423853	0.166083676496528	0.295021127153411	0.389332150754167
3.26220909015224e-05	0.000297467041315258	0.00303536111775275	0.018656741843893	0.0701237372719239	0.174943509103908	0.31026823296181	0.409143089261089
3.42466130961499e-05	0.000313987372636182	0.00320385479161448	0.0196861078648927	0.0739251797906371	0.184141994293984	0.326136215817321	0.429802454455601
3.58866601535357e-05	0.000331107163774949	0.00337837981926064	0.0207530794955826	0.0778661934726001	0.193688139029622	0.342645138593108	0.451344759721394
3.80404689166527e-05	0.000348842405859228	0.0035591743955308	0.021858135434602	0.0819496331075322	0.203592187193738	0.359812767510819	0.473777749410547
4.00957847423538e-05	0.000367197150160632	0.00374627844117577	0.0230021093868732	0.0861784081564153	0.21386208014374	0.37765214575595	0.497130370957166
4.21631102101859e-05	0.000386182232819486	0.00393987196912097	0.0241856155372111	0.0905557757929596	0.224506777270534	0.396196361054788	0.52143465721045
4.37852440849302e-05	0.000405817761096863	0.00413996463300324	0.0254094632852798	0.0950854149210277	0.235536159090763	0.415421800754236	0.546713421672782
4.62689753417071e-05	0.000426104525104277	0.00434680128846383	0.0266742987575433	0.0997681400023777	0.24695971581706	0.435384960217288	0.572964561207547
4.87448558987453e-05	0.000447054760511323	0.00456040029615409	0.0279809100609901	0.104609359113795	0.258793987589367	0.456107338644977	0.600239715729027
5.08622495172152e-05	0.000468674192489105	0.00478090217022129	0.02932993771108	0.109611158554713	0.27103154650225	0.477596508837658	0.628560770391757
5.30922625636641e-05	0.000490991512701556	0.00500842574719324	0.0307222950049814	0.114777156212104	0.283701110135022	0.499874502964607	0.657938155642073
5.54903569050998e-05	0.000514004197076887	0.0052430508066856	0.0321587045973015	0.120110472772023	0.29679041838506	0.522964073711558	0.688397392266265
5.76621064754423e-05	0.000537714895897937	0.00548491473741702	0.0336394861018644	0.125614469606634	0.310316979696799	0.546864045799265	0.71998470538167
6.0936972376491e-05	0.000562163050654952	0.00573412906689928	0.0351656175075245	0.131291986229335	0.324309211514801	0.571607285023267	0.752721473098445
6.39830950515385e-05	0.000587328500389787	0.00599080693939631	0.0367379984382062	0.137147522217971	0.338773088498807	0.597223487466612	0.786626830630701
6.7068160677678e-05	0.00061323414826776	0.0062550512014139	0.0383572502993402	0.143183941028777	0.353692238399103	0.623726618817409	0.821736907512728
6.94297005292509e-05	0.00063989613387385	0.00652696163681578	0.0400241208420537	0.149404608005045	0.369107822622198	0.651136035552589	0.858061273344048
7.2498515885258e-05	0.000667327601165088	0.00680665053888982	0.0417389709424063	0.155813459551645	0.385020672319838	0.679472343383397	0.895646805970114
7.53020273790567e-05	0.000695511462991643	0.00709421823185101	0.043503536111279	0.162413148186774	0.401443086024005	0.708761032013455	0.934510486725108
7.79311009002322e-05	0.000724485861312801	0.00738981861065842	0.0453175633497603	0.16920783788531	0.418383554640339	0.739020566517215	0.974687528023859
8.16268088944083e-05	0.000754263706610435	0.00769359799428865	0.0471823792792046	0.176202170352856	0.435857294225977	0.770276405558468	1.01623627216457
8.56683887839492e-05	0.000784847127590064	0.0080055351529936	0.0490985354155303	0.183398729073625	0.453876376110319	0.802552355104986	1.05913138384042
8.86619059519136e-05	0.000816212217260589	0.00832587737850144	0.0510670089747434	0.190801812270879	0.472448339221802	0.835871127967358	1.1034221176532
9.2003894902991e-05	0.000848458330102453	0.00865466854215414	0.0530882754831642	0.198415665902751	0.491589883997638	0.870258435193274	1.14918490875303
9.56600405367192e-05	0.000881483511609962	0.00899200794122548	0.0551639700065914	0.206242335822975	0.511314926836732	0.905738968244736	1.19641332225636
9.8538944898177e-05	0.000915417982777966	0.00933807171081991	0.0572939320217796	0.214288347400577	0.531632708534699	0.942341921367338	1.24517370638344
0.000103674322827703	0.00095015012195812	0.00969290538356704	0.0594781055852801	0.222556611318808	0.552560771808039	0.980092863909812	1.2954546524432
0.000107182170142936	0.000985803756108978	0.0100565873875751	0.0617199960551998	0.231050597008657	0.57396785768669	1.0190232689571	1.34733794901682
0.000111962900434605	0.00102230741503736	0.0104293640043495	0.064017922870781	0.239776156235051	0.596305905689195	1.05916201029661	1.40089402646514
0.000115268309900352	0.00105969397093981	0.0108112122764488	0.0663737480010971	0.248736505117894	0.619147177746397	1.10054031968466	1.45606982593864
0.000119009263831398	0.00109801281355789	0.0112023950100443	0.0687884450964556	0.257936025765764	0.642656170139102	1.14319340844017	1.51300073009952
0.000123976904940864	0.00113722751282007	0.0116029048268586	0.0712614367448743	0.267379928957968	0.666849234124516	1.18715695773127	1.57168964885196
0.000127862381729324	0.00117732439237913	0.0120127337003909	0.0737956120785408	0.277072194980278	0.691743338548416	1.23246869704382	1.63223592253843
0.000132551278686461	0.0012185318127849	0.0124323419955506	0.0763911706703892	0.287017302489267	0.717356419070169	1.27917065565442	1.694674648742
0.000136908904071603	0.00126024605621493	0.0128616983471781	0.0790475253560504	0.297221149092806	0.743707782504143	1.32730577795079	1.75906669416806
0.000141191929975606	0.00130378002381126	0.0133008415968789	0.0817675374365999	0.30768582975752	0.770816834276326	1.37692388333161	1.82550214285686
0.000146114438261429	0.00134687641730269	0.0137498789808089	0.0845516369962912	0.318417317729956	0.79870376877738	1.42807715446582	1.89407487312204
0.000150817601643459	0.00139272552721661	0.0142089028880707	0.0873984697643334	0.329424353424034	0.827390247998578	1.48082403773551	1.96482697359032
0.000156241209681122	0.0014380887193889	0.0146781055727821	0.0903117346568495	0.340708644530531	0.856900614205242	1.53523158962999	2.03786302767398
0.000161442062390924	0.0014847437234717	0.0151576803705702	0.0932913287784468	0.352277327399193	0.887259755721629	1.59137153631828	2.11337676375016
0.000166799345397741	0.00153358862535154	0.0156476747161202	0.0963377632305482	0.364134347409918	0.918494834259847	1.64933064915874	2.19147067409196
0.000171706957791706	0.00158146669173058	0.0161481936025565	0.0994523282240134	0.376284373910572	0.950635455315189	1.70920709489433	2.27231914149105
0.000177818011409106	0.00163213105410649	0.0166592628762162	0.102635721138097	0.388737351449064	0.98371495303368	1.77111780990473	2.35615823274508
0.000183098634089012	0.00168280876633315	0.0171807999573936	0.105888874203376	0.401495924321295	1.01776729501247	1.83520361141636	2.44325330358378
