2.62054617298071	2.61824358101855	2.59740014444247	2.478711234473	2.09462300600956	1.35968502352966	0.516199165491921	-0.0335398550429337
2.6205046939347	2.61829447301208	2.59791727213917	2.48188607077523	2.10661044694949	1.38958103648713	0.569105705836136	0.0362574207295542
2.62055497018825	2.61834776361335	2.59845763454237	2.4851709354856	2.11904496442652	1.42049429609595	0.622616080365035	0.106925317612746
2.62051695950609	2.6184025129549	2.59902260068383	2.48864986164467	2.1319349950754	1.45236839370607	0.678255823278401	0.179335778308198
2.62052785715066	2.6184597986655	2.59960519057589	2.49220513277703	2.14533260668551	1.48526556958638	0.735297711654806	0.253322221785943
2.62050691363913	2.61851867328402	2.60020832238561	2.49590220544036	2.15918659657698	1.51921300446427	0.793709133640111	0.328750529710008
2.62054275242442	2.61858121865338	2.60084080713469	2.49980280424919	2.17354870278998	1.55415372663885	0.853716318410039	0.405975125197857
2.62055479622219	2.61864541140483	2.60149137665442	2.50378771740443	2.18842087124573	1.59025980367613	0.915302337625185	0.484833655039944
2.62051506078012	2.61871094715795	2.60216781704779	2.50784900502821	2.20377813817434	1.62745706460764	0.978304124831787	0.565245102152445
2.62052164339435	2.61877950583643	2.60286812286501	2.51223351428757	2.21966669901876	1.66569979905902	1.04277008183617	0.647587512660242
2.62054466655442	2.61885093685656	2.60359676583039	2.51662963933086	2.23608533254145	1.70511169517479	1.10900850593148	0.731715042218251
2.62053701150117	2.61892411759226	2.60434997575006	2.5213046778104	2.25304116592711	1.74569593456583	1.17627903801109	0.817436771101247
2.62054340427289	2.61900051648347	2.60512318942424	2.52603879264966	2.27044318788858	1.78744594776782	1.24659621978494	0.904937291598786
2.620524421902	2.61907994152566	2.60602991304297	2.5309584864314	2.28870742361027	1.83037145628679	1.31841125071073	0.99486049325553
2.62051664865135	2.61916038429691	2.60676298147463	2.53603616364452	2.30730100912286	1.87361102241722	1.39150072170066	1.08657680520786
2.62056898969661	2.61923114545668	2.60763904628085	2.54128481058321	2.32654317006855	1.91907176651041	1.46638091727513	1.18021445591332
2.62058165926606	2.619331436247	2.60850373482421	2.54662054840369	2.34636494387037	1.96495964374924	1.54305183578112	1.27616053717664
2.6205263261592	2.61942227626053	2.60941745992817	2.55211257713627	2.3667904698977	2.01326843636367	1.6212285360145	1.37447479197787
2.62058150314171	2.6195134378912	2.61035988593234	2.55801714302743	2.38783122717707	2.06336206336478	1.70184258613543	1.47474286509217
2.6205786003094	2.61961009673245	2.61132959365794	2.56396355298417	2.4095420480354	2.1138641691317	1.78451668695882	1.5771872809363
2.62058085305789	2.6197075181605	2.61233344500742	2.57001186180288	2.43177980185288	2.1654452079474	1.86898357842885	1.681976853842
2.6205136265734	2.61980899064979	2.61339282482239	2.57628897150958	2.45471782804543	2.21968486662489	1.95548158025775	1.78898230260066
2.62054590090203	2.61991345179368	2.61442035080027	2.58276071437767	2.47832080753467	2.27461998623603	2.04410276471576	1.89866818072787
2.62050800741628	2.62001979598622	2.61554991789074	2.58959085971784	2.50255285896549	2.33096713722945	2.13489263256029	2.01071129929364
2.62054744872879	2.62012960222109	2.61663969189373	2.59620338037998	2.52753834564136	2.38875553149916	2.22785867645765	2.12538277004677
2.6205053173832	2.62024359036217	2.61779736997855	2.60335981788745	2.55319894234197	2.44812490599903	2.32311424851375	2.24268959587827
2.62054863580786	2.62036004149263	2.61897762424799	2.61055858174876	2.57947060465992	2.5089941743749	2.42068729514698	2.36260113277088
2.62053343154094	2.62049343238073	2.62019708413219	2.6180229414323	2.60653260086886	2.57143069327573	2.5206476595964	2.48542537790121
2.6205491083363	2.62060267102335	2.62144719938496	2.62559141591709	2.63431470414717	2.63558616224149	2.6230789099837	2.61122900831909
2.62050097283437	2.62072858226556	2.62273563097366	2.6334943900309	2.66278670720294	2.70136273688269	2.72805481667883	2.73992639844478
2.62056019227197	2.62085739902562	2.62405271197176	2.64131513811108	2.69215052771817	2.76881129078136	2.83566431749835	2.8718541503512
2.62055190927589	2.62099066148617	2.62540942731478	2.64963207516394	2.72213331366217	2.83807285476334	2.94597413644927	3.00681830010763
2.62062033599024	2.62112696536166	2.6267957271113	2.65846712988876	2.7529468167481	2.90908443258429	3.05909954126139	3.14540918259531
2.62052112181387	2.62126679112944	2.62818041854058	2.66667662865165	2.78460452714474	2.98979166717781	3.17512435901528	3.28743509315595
2.6205376519821	2.62140998276737	2.62967822037859	2.67581716519574	2.81697408722914	3.05728781058148	3.2941847934024	3.43310856324549
2.62056205859851	2.62155672015661	2.63122691814291	2.68491946962023	2.85022713778869	3.13400542208322	3.41640262700931	3.58270397273176
2.62058265363131	2.62170815928289	2.63269239263093	2.69417173839659	2.88431883558595	3.21274508694034	3.5419076696801	3.73631079900892
2.62051684570611	2.6218614006807	2.63427325917514	2.7041001097917	2.91922595939662	3.29356878970211	3.67085103558634	3.89440676732884
2.62056663114289	2.62201922308936	2.63611500192671	2.71360542250308	2.95504329711453	3.37654212584386	3.8034133319405	4.05685774035319
2.62054224319483	2.62218098757596	2.63752539983076	2.72352947638612	2.99175430289948	3.46173070037713	3.9397717311309	4.22413166845563
2.62054039299812	2.62235274716904	2.63920375056488	2.73411420141889	3.02930254206952	3.54920110129604	4.08014779369777	4.3966303559443
2.62055113355388	2.62251619943447	2.64092594293771	2.74439824276474	3.06794717468931	3.6390628944418	4.22477043322045	4.57449825052678
2.62063410910254	2.62268800977227	2.64268636446151	2.75500081694983	3.1076037529623	3.73141913719418	4.3739183079832	4.75845913172299
2.62061448175628	2.62272835520934	2.64448643701461	2.7664665837557	3.14781052575439	3.82637921160986	4.52790059034589	4.94876958220714
2.62053532101748	2.62304565516133	2.64632916789465	2.7774809718399	3.18924695226018	3.92403574480268	4.6870687445598	5.14610120777678
2.62057822526465	2.62323181279008	2.648211878139	2.78893474000391	3.23162070712356	4.02452336037524	4.85186253921598	5.35111980195165
2.62058104139696	2.62341968772397	2.6501486559382	2.80075987865831	3.27511615861817	4.12800477696727	5.02274343858295	5.56461189954261
2.6206115741709	2.6236132302158	2.65210106261538	2.81274950299485	3.32059442434165	4.23462308830939	5.20031423836593	5.78811206423932
2.62057864152403	2.62381141736073	2.65409671569834	2.82506771597505	3.36528490440746	4.3445504011852	5.38528169727695	6.02229337649363
2.62060150709816	2.62401179810566	2.65615065286946	2.8376295348004	3.41198790845014	4.4580233915922	5.57850962594042	6.26927390720066
