1.5
1.505100877153729
1.509720588792151
1.5139064879553352
1.5177009178306389
1.5211379011048456
1.5242548333190815
1.527079462959824
1.5296391187650435
1.5319555263852915
1.5340579098998934
1.5359503824815686
1.5376710612157514
1.5392196451383229
1.5406125998571405
1.5418761112127446
1.5430007863440967
1.5440134062126731
1.5449248115688616
1.5457241062632638
1.5464426704224428
1.5470805552418738
1.5476277180347051
1.5481172975553072
1.548540482708811
1.5488910071925384
1.5492004938547206
1.5494532968225363
1.5496495853851886
1.5498158702756855
1.5499318389477825
1.550006474033187
1.5500574812662764
1.5500620881696383
1.5500402051870168
1.5499970919315265
1.5499116668420918
1.5498107104138705
1.5496894704193835
1.5495305346505177
1.5493636197711886
1.5491762551237471
1.5489565245541663
1.5487334041538705
1.5484887805302103
1.548217976609166
1.547945664513385
1.5476501308385435
1.547335507774447
1.547018780878579
1.5466746288128472
1.546326082672895
1.5459635302895942
1.5455866873396042
1.5451982856532642
1.5447945533614695
1.544378989488528
1.543951928015216
1.5435077697435533
1.5430518538486988
1.542583143176446
1.5420998982221954
1.5416020362679377
1.541091243277803
1.5405681797616637
1.5400238873618661
1.5394629735680994
1.5388930935153196
1.5382964367097005
1.5376883814622184
1.5370566935462782
1.5364062691936877
1.535734490620606
1.5350399340788388
1.5343203954203566
1.5335782027347225
1.532803186020704
1.5320068267611635
1.5311697726528872
1.5303095523994967
1.529405060238604
1.5284683721795382
1.527490471974005
1.5264629910733165
1.5253958908173832
1.52426967038073
1.5230936990655608
1.5218581221499354
1.5205524277481588
1.5191833202581808
1.517733529804426
1.5162020761536084
1.514583488834524
1.5128620722088766
1.5110374355481575
1.5090957720930105
1.5070236325684647
1.5048138208493875
1.502449236977526
1.4999145921404264
