0.6161787410964914
0.6264749751853749
0.6375936354827483
0.6494870221227119
0.662114425601234
0.6754478614454591
0.6894515256002521
0.7041046501913043
0.7193853170067591
0.7352800775159958
0.751759005890425
0.7688391196799518
0.7864685042010046
0.8046700561236061
0.8234319457589149
0.8427190233530711
0.8625714798635449
0.8829494964273685
0.9038458246799255
0.925303627868758
0.9472655628112541
0.9697464323382402
0.9927874455420441
1.016319368831056
1.040378200799802
1.064995531024147
1.0900983818651042
1.115742141789585
1.1419400591810887
1.1686263022246195
1.1958725440459603
1.2236639663511804
1.2519553367085496
1.2808302600478116
1.3102351115478001
1.3401611520242087
1.3706913714381197
1.401742549935891
1.433339719250005
1.4655575164052903
1.498294367888136
1.5316055909546284
1.5655487205655563
1.6000167666605096
1.6350913580735569
1.6708028831776358
1.7070542418555383
1.7439481768282599
1.7814769208466494
1.8195708253973404
1.8583568893112388
1.8977352059021886
1.9377601775050315
1.9784425938693535
2.0197777556644585
2.061794645142461
2.104484439711246
2.1478545167190184
2.1919459467973472
2.2367391596642823
2.282249975202924
2.3284991136373696
2.375498113687905
2.4232476248313257
2.471754212164514
2.521087262291413
2.5712304579001506
2.622144523825005
2.673963287299263
2.7265952670715037
2.78014041240496
2.834579518129399
2.8899474242461345
2.946271679269163
3.0035871668837903
3.061894335164711
3.121294386325004
3.1817156505130852
3.2433407168713586
3.3060469224134374
3.3700408470214565
3.4352460761510177
3.5017718556567767
3.56972868909225
3.639059392177263
3.7099870970058633
3.782464513878401
3.8566331484259435
3.9326508168996877
4.010504213523935
4.09043467037399
4.172521833599305
4.256899453822647
4.343826880387937
4.43340282834561
4.525891551397761
4.621572239401999
4.720666193900849
4.823536970291407
4.930552787426665
