3.7585188725826124	2.399672517235106	1.1363262521346733	0.552151724043085	0.3030004075471961
3.75860701832109	2.3997661202661873	1.1364213603268416	0.5522552587886407	0.3031911124609122
3.7586968658413586	2.3998614844384427	1.1365181195906147	0.552360300699283	0.3033837715910182
3.758788436299551	2.3999586342223345	1.1366165609909789	0.5524668959108737	0.3035785058868342
3.758881750621159	2.4000575937006072	1.1367167147570743	0.5525750886277451	0.3037754282832399
3.7589768294464396	2.4001583864820866	1.1368186101066013	0.5526849207839359	0.3039746436212833
3.7590736932075997	2.4002610358340513	1.1369222755228687	0.552796432649716	0.3041762500409709
3.759172362067274	2.4003655645698383	1.1370277385314151	0.552909662361888	0.3043803386688018
3.759272856015837	2.400471995231438	1.1371350260688455	0.5530246467433843	0.30458699636627773
3.759375194927133	2.4005803501615217	1.1372441646488165	0.5531414216323081	0.30479630544896685
3.7594793985261474	2.4006906514504474	1.1373551802546202	0.5532600216674372	0.30500834316054537
3.7595854863554736	2.400802920881247	1.1374680982274092	0.5533804800639014	0.305223181138775
3.759693477740533	2.4009171798725966	1.1375829431501105	0.5535028283792227	0.3054408886624072
3.7598033918951925	2.401033449719297	1.1376997392910477	0.5536270975227482	0.3056615298265589
3.759915247955226	2.4011517514936584	1.1378185105338172	0.5537533174332431	0.3058851645087561
3.760029064821768	2.401272105940917	1.137939280030055	0.5538815165527607	0.3061118509365104
3.7601448613525803	2.401394533734788	1.1380620707811437	0.554011722955472	0.30634164543236625
3.760262656349421	2.401519055453187	1.138186905589634	0.5541439642470842	0.30657460214412147
3.7603824685427654	2.4016456915530577	1.1383138070078909	0.5542782674601359	0.3068107727607418
3.7605043165759975	2.401774462344324	1.1384427972848838	0.5544146589452826	0.30705020621448154
3.760628218989079	2.4019053879629544	1.1385738983111353	0.5545531642586311	0.3072929483696875
3.760754194201672	2.402038488343159	1.1387071315618391	0.5546938080451629	0.30753904169874996
3.760882260495753	2.402173783188699	1.1388425180381554	0.5548366139183026	0.30778852495325376
3.76101243599769	2.402311291947754	1.1389800782145367	0.5549816043881051	0.3080414380896941
3.76114473888746	2.4024510342345007	1.1391198328931986	0.5551288027986413	0.30829782089622565
3.7612791873624025	2.402593029585879	1.1392618027292694	0.5552782318303824	0.3085577091230189
3.7614157994322923	2.402737297281813	1.1394060078437127	0.55542991318569	0.3088211374184095
3.761554593070192	2.4028838565407082	1.1395524682332105	0.5555838682725986	0.30908813919813627
3.761695586205556	2.4030327265080857	1.1397012037468897	0.5557401181566869	0.30935874650989836
3.7618387967171376	2.4031839262448584	1.1398522340623212	0.5558986835114291	0.3096329898933439
3.761984242425665	2.4033374747152583	1.1400055786607926	0.5560595845670467	0.30991089823559453
3.7621319410863174	2.4034933907744094	1.1401612568018602	0.5562228410578645	0.3101924986224078
3.762281910380983	2.4036516931555503	1.1403192874971797	0.55638847216819	0.31047781618507675
3.762434167910296	2.403812400456911	1.1404796894836242	0.5565564964767259	0.31076687512208084
3.7625887311854807	2.4039755311289173	1.1406424811957214	0.5567269319078852	0.3110596995019313
3.762745617682597	2.404141103630967	1.1408076810555263	0.5568997964727557	0.31135631044722717
3.7629048448857834	2.4043091363456592	1.1409753073858455	0.5570751077461557	0.31165672800738753
3.7630664301518375	2.404479647483724	1.1411453781317593	0.5572528825774385	0.3119609711418536
3.7632303907849316	2.4046526551734897	1.1413179110725518	0.5574331374467267	0.31226905764112245
3.7633967440339506	2.404828177453565	1.1414929238067162	0.5576158884341234	0.31258100404586725
3.7635655070878813	2.4050062322653254	1.1416704337365893	0.557801151188181	0.31289682556417353
3.7637366970710935	2.4051868374452243	1.1418504580526163	0.5579889408936394	0.3132165359869247
3.763910331038523	2.4053700107169216	1.1420330137172487	0.5581792722384316	0.3135401476013599
3.7640864259707145	2.4055557696832315	1.1422181174484722	0.5583721593799678	0.3138676711028324
3.7642649987687804	2.4057441318178805	1.1424057857029701	0.5585676159106965	0.3141991155047956
3.7644460662492336	2.4059351144570944	1.1425960346589228	0.5587656548229512	0.3145344880470327
3.7646296451387062	2.406128734790995	1.1427888801984394	0.5589662884730847	0.3148737941021533
3.764815752068563	2.4063250098548243	1.1429843378896305	0.5591695285448952	0.3152170370803714
3.7650044035694075	2.406523956519978	1.1431824229683165	0.5593753860123476	0.31556421833257803
3.765195616065459	2.406725591484866	1.143383150319376	0.5595838711015934	0.31591533032144514
3.765389405868839	2.4069299312655903	1.143586534457733	0.5597949932522917	0.3162703622867749
3.765585789162232	2.4071369920260635	1.1437925892486653	0.5600087599490979	0.3166293164370865
3.7657847815184082	2.407346789067841	1.144001326648755	0.5602251758060748	0.3169921922411675
3.7659863988843947	2.407559338676549	1.1442127606167787	0.560444249676379	0.3173589859415152
3.7661906573931936	2.40777465704536	1.1444269050480274	0.5606659895680387	0.3177296903692039
3.7663975729701793	2.4079927600331974	1.1446437731529002	0.5608904020736483	0.31810429475561897
3.7666071613212364	2.4082136631457405	1.1448633774178283	0.5611174922918902	0.31848278454105144
3.7668194379206805	2.4084373815160895	1.1450857295654946	0.5613472637476942	0.3188651411801274
3.7670344179989526	2.408663929885075	1.145310840514346	0.5615797183110358	0.3192513419440369
3.7672521165300954	2.408893322581213	1.1455387203374001	0.5618148561143738	0.3196413597195106
3.7674725482190015	2.409125573500309	1.145769378220344	0.5620526754687162	0.320035162804476
3.7676957274884484	2.4093606960847187	1.1460028224189251	0.5622931727783185	0.3204327147003055
3.7679216684659016	2.409598703302244	1.146239060215637	0.562536342453994	0.3208339739005551
3.768150384970105	2.409839607624688	1.1464780978756919	0.5627821768250375	0.3212388936760684
3.7683818904974444	2.410083421006051	1.146719940602282	0.5630306660497366	0.3216474218563024
3.76861619820809	2.4103301548603726	1.146964592491126	0.5632817980244652	0.3220595006067133
3.768853320911908	2.410579820039229	1.1472120564842978	0.5635355582913324	0.32247506620200705
3.7690932710541682	2.410832426808863	1.147462334323331	0.5637919299443682	0.3228940487950552
3.7693360607010082	2.4110879848269717	1.1477154265016019	0.5640508935342199	0.32331637218122683
3.769581701524686	2.411346503119123	1.1479713322159746	0.5643124269713307	0.3237419535578816
3.7698302047886028	2.4116079900548293	1.1482300493177118	0.5645765054275674	0.32417070327873393
3.7700815813321036	2.4118724533232547	1.1484915742626425	0.5648431012362629	0.32460252460276107
3.7703358415550583	2.412139899516462	1.1487559017200049	0.5651121825773018	0.3250373134373122
3.770592990540049	2.4124103247388087	1.1490230049563745	0.565383672827603	0.32547495687852207
3.7708530343556177	2.4126837332776145	1.1492928708806096	0.5656575278371765	0.32591521657825384
3.7711159843262023	2.412960133052572	1.149565496964542	0.5659337217674527	0.3263579243587227
3.771381850297884	2.4132395296122553	1.1498408757532486	0.5662122187387626	0.3268029845267966
3.7716506405549355	2.4135219260077734	1.150118994601874	0.5664929722964915	0.3272502735637194
3.7719223617386985	2.413807322664296	1.150399835407938	0.566775924867401	0.32769963858548734
3.7721970187651164	2.4140957172504334	1.1506833743390665	0.5670610072057821	0.32815089576311673
3.7724746147409056	2.4143871045454572	1.1509695815560632	0.567348137829037	0.32860382869948696
3.7727551508783805	2.4146814763043403	1.1512584209312229	0.5676372224421813	0.32905818675856424
3.7730386264088835	2.414978821120596	1.1515498497617687	0.5679281533506663	0.32951368334189335
3.7733250384948605	2.4152791242868714	1.1518438184782727	0.5682208088608172	0.3299699941062466
3.7736143821405252	2.4155823676532817	1.1521402703478967	0.5685150526670764	0.3304267551152543
3.7739066501011225	2.4158885294834316	1.1524391411722676	0.5688107332251175	0.3308835609166907
3.774201832790758	2.416197584308079	1.1527403589797807	0.5691076831097855	0.3313399625358501
3.774499918188797	2.416509502776415	1.1530438437120922	0.5694057183566688	0.3317954653741068
3.7748008917447957	2.4168242515048615	1.1533495069045423	0.5697046377859973	0.3322495270002914
3.775104736281941	2.4171417929233816	1.1536572513602201	0.5700042223073883	0.332701554820912
3.7754114318989886	2.417462085119194	1.1539669708173486	0.5703042342038178	0.33315090361351263
3.7757209558706677	2.417785081677831	1.1542785496096437	0.570604416393033	0.3335968729055106
3.7760332825465017	2.4181107315214807	1.154591862319267	0.5709044916644331	0.33403870417872467
3.776348383248057	2.418438978744503	1.1549067734219567	0.5712041618892614	0.3344755778774069
3.776666226164537	2.4187697624457987	1.1552231369238832	0.5715031072017545	0.3349066101949182
3.7769867735944196	2.4191030025873936	1.1555407768239494	0.5718009432176319	0.3353308496111754
3.7773099703296804	2.419438602161237	1.1558594677156873	0.5720971865610415	0.3357472343275287
3.777635760108373	2.4197764612227903	1.156178982683184	0.5723913495687313	0.3361543336225892
3.7779640799154257	2.4201164668403714	1.1564990683555947	0.5726828889475786	0.33655066580185605
3.778294858350115	2.420458492560456	1.1568194429664949	0.5729712019122839	0.3369346126420982
