3.7443803037742502	2.3736276974117687	1.10753942410081	0.5258804081375679	0.2675222251311435
3.7446009501963498	2.373865536170962	1.107790998193551	0.5261809242332439	0.26816540573909814
3.7448255807313098	2.374107392804924	1.108045980585089	0.5264836826378472	0.26880673322714765
3.7450542602892707	2.3743533496855793	1.1083044980619965	0.5267889207867127	0.2694471404011251
3.745287052178701	2.374603486430353	1.1085666711072033	0.5270968595863382	0.27008746217517066
3.7455240181259923	2.3748578799919002	1.1088326141362272	0.5274077044636426	0.270728444909662
3.745765218329924	2.3751166046888397	1.1091024356914925	0.5277216459706442	0.2713707622836525
3.746010711730944	2.375379732770903	1.1093762395897642	0.5280388628027031	0.27201502821554563
3.746260556412591	2.3756473349969656	1.1096541262746031	0.5283595247600129	0.27266179700569065
3.746514809388995	2.375919480287334	1.1099361921347632	0.5286837915034409	0.2733115678804492
3.746773526382089	2.3761962353609967	1.1102225287863945	0.5290118112198411	0.27396479879793534
3.747036762325329	2.3764776657556546	1.1105132251916863	0.5293437272360004	0.27462189575989426
3.7473045713370725	2.3767638352586986	1.1108083668317519	0.5296796724900195	0.27528323683632216
3.747577005584522	2.3770548048987665	1.111108032347136	0.5300197614811955	0.2759491734963201
3.7478541170247603	2.377350635330391	1.1114122995988658	0.530364107087627	0.27662002965223786
3.7481359573575728	2.3776513866998696	1.1117212454762133	0.5307128202718459	0.2772961004508607
3.7484225779313327	2.3779571184863153	1.1120349455944323	0.5310660095778358	0.2779776508358338
3.7487140296453334	2.3782678893365765	1.1123534739795036	0.5314237805994186	0.27866491413316136
3.749010362848589	2.3785837568940664	1.1126769027400865	0.5317862354209056	0.2793581151020659
3.7493116272351052	2.378904777621559	1.113005301726889	0.5321534720308839	0.28005746091040157
3.7496178717356607	2.379231006617983	1.1133387381796516	0.5325255837100049	0.28076313611420556
3.7499291444061016	2.3795624974292764	1.113677276361937	0.5329026583935987	0.28147531383997976
3.750245492312147	2.37989930185333	1.1140209771839171	0.53328477800993	0.28219415499222916
3.750566961410764	2.380241470344328	1.1143698978133343	0.5336720177948537	0.28291980739074446
3.750893597405668	2.380589056773911	1.114724092115393	0.5340644455836115	0.2836524048426394
3.7512254483749494	2.3809421126643655	1.1150836228822303	0.5344621210804414	0.2843920661537937
3.751562560282545	2.381300688382128	1.1154485487824244	0.5348650951066364	0.28513889408399884
3.7519049786505865	2.3816648338725064	1.1158189248512635	0.535273409974481	0.2858929847441116
3.752252748739373	2.382034598588234	1.1161948052790087	0.5356871414425157	0.28665443040499355
3.7526059155053866	2.3824100314158074	1.1165762432758202	0.5361063594461236	0.2874233038928143
3.752964523558065	2.382791180599637	1.116963290932534	0.5365311170065398	0.2881996719214302
3.75332861711532	2.3831780936640037	1.1173559990773299	0.536961465216176	0.28898359478261504
3.7536982399577683	2.383570817332841	1.1177544171283322	0.5373974530122402	0.28977512586161297
3.7540734353817444	2.3839693974840306	1.1181585929421902	0.5378391269438569	0.2905743111335394
3.754454246186309	2.384373880183698	1.118568572658671	0.5382865309328226	0.29138118864164114
3.7548407152556758	2.384784310614922	1.1189844017977695	0.5387397060281264	0.2921957879583705
3.755232884922796	2.385200733114765	1.1194061254143255	0.5391986901543627	0.29301812963015905
3.7556307970614293	2.385623191562772	1.1198337864061987	0.5396635178541641	0.29384822460671406
3.7560344932429746	2.386051729337913	1.1202674266822394	0.5401342198264578	0.2946860736555789
3.756444014709799	2.386486389274435	1.120707087080387	0.5406108223174358	0.29553166750811105
3.7568594023479003	2.386927213616631	1.1211528072778214	0.5410933529747881	0.2963849991063742
3.7572806966589174	2.387374243972522	1.1216046256990406	0.5415818376829068	0.29724605233835927
3.75770793773147	2.387827521266474	1.1220625794218786	0.5420762994204126	0.29811480144572733
3.758141165211857	2.388287085690728	1.1225267040814868	0.5425767580578015	0.29899121346934254
3.7585804182740774	2.388752976655873	1.1229970337722843	0.5430832301511722	0.29987524783970537
3.759025735589219	2.3892252327402486	1.1234736009479052	0.5435957287320986	0.30076685595960756
3.75947715529418	2.3897038916382876	1.1239564363191463	0.5441142630936984	0.3016659807791646
3.7599347149597406	2.3901889901077977	1.124445568749937	0.5446388385729484	0.3025725563633301
3.760398451557988	2.3906805639161943	1.1249410251513414	0.5451694563292897	0.3034865074519506
3.760868401429088	2.391178647785673	1.1254428303736022	0.5457061131195525	0.30440774901237155
3.7613446002474062	2.3916832752999233	1.1259510070962404	0.5462488010692309	0.3053361857845393
3.76182708298699	2.392194474132873	1.1264655757162203	0.5467975074401257	0.30627171181849944
3.7623158835556465	2.3927122749991185	1.126986554234184	0.547352214394359	0.30721421000412147
3.7628110320062804	2.3932367115105353	1.1275139546073947	0.5479128987547663	0.3081635515928188
3.763312561957227	2.393767815407707	1.1280477786697682	0.5484795317616461	0.30911959571096387
3.763820507241383	2.394305616450314	1.1285880427335515	0.5490520788258483	0.3100821880294391
3.764334900362035	2.3948501423055246	1.1291347605386246	0.5496304992781619	0.3110511104996835
3.7648557724181066	2.395401418434368	1.1296879410861826	0.5502147461149568	0.312026178889733
3.765383153028077	2.3959594679761302	1.1302475883783496	0.5508047657400087	0.3130072288424663
3.7659170702525278	2.396524311630728	1.1308137011534662	0.5514004977024378	0.31399407166769855
3.7664575505153297	2.3970959675390944	1.1313862726170392	0.5520018744256319	0.31498649307531124
3.7670046185234725	2.3976744511615586	1.1319652901683288	0.5526087786541377	0.3159842518825408
3.7675582971855412	2.3982597751542083	1.1325507351225503	0.5532211059915677	0.31698707869342996
3.768118607528817	2.3988519492432507	1.1331425824286476	0.5538387870435967	0.3179946745480065
3.7686855686150302	2.3994509800973334	1.1337408003825937	0.5544617347223408	0.3190067095382817
3.7692591974547205	2.4000568711978465	1.134345350336146	0.5550898433205993	0.32002282138766547
3.7698395089202505	2.400669622707169	1.1349561864009892	0.5557229875703409	0.3210426139898695
3.770426515657428	2.40128923133486	1.1355732551481768	0.5563610216848032	0.32206565590279834
3.7710202279957388	2.4019156902017706	1.1361964953027615	0.5570037783833914	0.32309147879232936
3.7716206538572075	2.4025489887020655	1.1368258374335087	0.5576510678984113	0.3241195758202298
3.772227798663844	2.4031891123631217	1.137461203637548	0.5583026769624584	0.325149399969764
3.772841665243686	2.4038360427032948	1.1381025072198216	0.5589583677751091	0.32618036230178477
3.7734622537354325	2.4044897570875126	1.13874965236716	0.5596178769473303	0.3272118301332818
3.7740895605089166	2.405150188814349	1.1394025338168006	0.5602809144218058	0.3282431251294713
3.7747235377748964	2.405817270435614	1.140060993692747	0.5609471623671333	0.32927352129952253
3.775364168594578	2.4064909859456094	1.1407247238653495	0.5616162740435828	0.3303021628020209
3.7760114559518505	2.407171305502345	1.1413936312043906	0.5622878726378402	0.33132708234860564
3.776665393160354	2.407858184401295	1.1420676222367956	0.562961550063848	0.3323474110051559
3.7773259633467657	2.4085515623097655	1.1427465672846633	0.5636368657265562	0.33336260293608183
3.7779931389252566	2.409251362487994	1.1434302985439282	0.5643133452450354	0.33437191716056
3.778666881063057	2.40995749099669	1.1441186081256776	0.5649904791310516	0.33537440574849026
3.7793471391369953	2.410669835890673	1.144811246058371	0.5656676627282172	0.33636890135255626
3.7800338501808626	2.411388266398192	1.1455079182487156	0.5663439480672575	0.3373540039865306
3.780726938323427	2.412112632085437	1.1462082843984536	0.5670187399590046	0.3383280669318195
3.781426314216912	2.4128427620056785	1.1469119558737604	0.5676914128206033	0.33928918162289906
3.78213187445566	2.4135784638323883	1.1476184935233849	0.568361211815956	0.340235161327059
3.782843500984741	2.4143195229756165	1.148327405441039	0.5690272461258846	0.34116352339385425
3.783561060498177	2.4150657016807955	1.1490381446668883	0.5696884819394803	0.34207146980370645
3.784284403826445	2.4158167381090867	1.1497501068222957	0.5703437351276426	0.342955865691761
3.7850133653128615	2.416572345398225	1.150462627671223	0.5709916635520906	0.34381321546041843
3.7857477621784326	2.417332210702789	1.1511749806008909	0.5716307589546074	0.3446396360195002
3.786487393874702	2.4180959942126554	1.1518863740134464	0.5722593383618514	0.34543082660350416
3.7872320414240677	2.4188633281483067	1.1525959486194652	0.5728755349305734	0.34618203450662927
3.787981466747017	2.419633815731572	1.1533027746231241	0.5734772881463083	0.34688801594266777
3.7887354119756815	2.4204070298705185	1.154005848787811	0.5740623332753656	0.3475429910710642
3.7894935987530305	2.4211824224233185	1.154704091369795	0.5746281899548742	0.3481405920226188
3.7902557098393674	2.4219593586045063	1.1553963429063068	0.5751721497884643	0.348673802495231
3.7910213092860583	2.4227371780165514	1.1560813498848541	0.5756912627953538	0.34913488715374036
3.7917899544016307	2.423515142306103	1.1567574047435594	0.5761823225376891	0.3495153086336575
3.792561159664087	2.4242924317879293	1.157422635526976	0.5766418497242197	0.349805629382091
