0.05188794523939613	0.05188794523939613	0.05188794523939613	0.05188794523939613	0.05188794523939613
0.05347359837991052	0.05347179550599951	0.05346671987667323	0.05345591905112371	0.05340917664261178
0.055091404479282985	0.05508784480092747	0.05507782431305902	0.05505650764660427	0.05496436205718427
0.05674167874926585	0.056736404455969856	0.05672155884211669	0.05668998721438363	0.0565536628774139
0.058424736715236555	0.05841778634026365	0.05839822493136899	0.05835663658283035	0.05817725196026594
0.060140894308881074	0.060132303016036164	0.06010812555129006	0.060056737904097275	0.05983531547710322
0.06189046788934274	0.06188026775067458	0.06185156521223889	0.0617905766857786	0.06152804924313401
0.06367377404818797	0.0636619942301654	0.06362884932077903	0.06355844046045363	0.06325566153077791
0.06549112984162918	0.06547779690028911	0.06544028494136635	0.06536062033694248	0.06501836797618725
0.06734285247734452	0.06732799045462767	0.06728617968589548	0.06719740864025081	0.06681638991417314
0.06922925932531465	0.06921288987190558	0.06916684178030122	0.06906909906823874	0.06864995560916791
0.07115066796843214	0.07113281050187122	0.07108258024606431	0.07097598707256439	0.07051930154757316
0.07310739625494879	0.0730880681543109	0.0730337050884788	0.07291837025444114	0.07242467377877884
0.07509976235275746	0.07507897919118706	0.0750205274916488	0.0748965487750692	0.07436632136010064
0.07712808473942698	0.07710586042101884	0.07704335966095628	0.07691082492248881	0.07634449968265809
0.07919268177462853	0.07916902849682786	0.07910251342948255	0.0789615002750253	0.07835947194566215
0.08129387222329663	0.08126880079670064	0.08119830216825723	0.08104887972545768	0.08041150337492987
0.08343197498351652	0.08340549485626765	0.08333103963129342	0.083173268945796	0.08250086181324659
0.0856073090193391	0.08557942832964553	0.08550103982543908	0.085334974173832	0.08462781833509136
0.08782019338349588	0.08779091902826308	0.087708617092509	0.08753430238684749	0.08679264788517763
0.09007094724089285	0.09004028496101589	0.08995408619425509	0.08977156148141786	0.0889956299402697
0.09235988989287934	0.09232784437574666	0.0922377624001613	0.09204706045927182	0.09123704919374469
0.09468734080229682	0.09465391580205164	0.094559961578062	0.09436110961916952	0.09351719626239051
0.09705361961930083	0.09701881809540884	0.09692100028756762	0.0967140207547585	0.09583636730382328
0.09945904620796044	0.09942287048262836	0.0993211958762954	0.09910610735837055	0.09819485222109349
0.10190394060645702	0.10186639237644977	0.10176086615625424	0.1015376837084597	0.10059294754974968
0.10438862258012159	0.10434970277322421	0.10424032801439831	0.10400906229159367	0.10303095370244339
0.10691341220832169	0.10687312127958723	0.10675989961582996	0.10652055837888538	0.10550917268250479
0.10947862969639255	0.10943696764162758	0.10931989945614835	0.10907248784912943	0.10802790836919311
0.11208459530652705	0.11204156170485399	0.11192064624220234	0.11166516703941679	0.1105874668114981
0.1147316293682074	0.11468722343205599	0.11456245892991511	0.11429891282531982	0.11318815653034313
0.11742005228894495	0.11737427292169203	0.1172456567632224	0.11697404270342167	0.11583028882903817
0.1201501845653311	0.12010303042680559	0.11997055931412536	0.11969087487617988	0.1185141781118392
0.12292234679439612	0.12287381637446802	0.1227374865238521	0.12244972833911101	0.12124014221046564
0.1257368596852786	0.12568695138574779	0.12554675874512902	0.1252509229702855	0.12400850236285531
0.12859404407120292	0.12854275629620562	0.12839869678555596	0.1280947796221206	0.12681957827004428
0.1314942209217656	0.13144155217691472	0.13129362195208477	0.13098162021545928	0.12967369362461809
0.1344377113555309	0.13438366034784524	0.13423185609121213	0.1339117677980093	0.1325711752974207
0.13742483656602142	0.13736940211295665	0.1372137210942867	0.13688554532625916	0.13551235216697735
0.14045591772768481	0.140399098898912	0.14023953901398017	0.13990327631997732	0.13849755529545782
0.1435312761691115	0.14347307236380738	0.14330963242152012	0.14296528534913153	0.14152711810841825
0.14665123332704103	0.14659164434534847	0.1464243242718444	0.14607189779121885	0.14460137657826283
0.14981611075371387	0.14975513687466052	0.14958393793298785	0.14922343989257061	0.14772066941136366
0.15302623012532704	0.15296387219041246	0.1527887972161314	0.15242023883099862	0.1508853382387836
0.15628191325068358	0.15621817275325908	0.1560392264063129	0.15566262277977566	0.15409572781054667
0.15958348208002715	0.1595183612605949	0.1593355502937956	0.158950920972943	0.15735218619339797
0.16293125871407027	0.1628647606616254	0.16267809420609558	0.1622854637719397	0.160655064972008
0.166325565413208	0.16625769417274913	0.1660671840406634	0.16566658273354734	0.16400471945356404
0.16976672460692488	0.16969748529325804	0.1695031462982243	0.16909461067914588	0.1674015088757112
0.1732550589033866	0.17318445782134678	0.17298630811676713	0.1725698817652704	0.17084579661778987
0.17679089109922483	0.17671893587043838	0.17651699730618953	0.17609273155547006	0.17433795042450498
0.1803745441895089	0.18030124388582272	0.18009554238359193	0.1796634970934589	0.1778783610876476
0.1840063413779058	0.18393170666160555	0.18372227260922072	0.18328251697755363	0.1814674114771259
0.1876866060870302	0.18761064935797228	0.1873975180230615	0.1869501314363967	0.1851054689402858
0.19141566196898244	0.19133839751876272	0.19112160948207801	0.19066668240595938	0.18879290852710973
0.19519383291607512	0.1951152773355543	0.19489487889688867	0.1944325150245506	0.19253011340794518
0.19902144390226897	0.1989416176995106	0.19871766414226197	0.19824798637632837	0.1963174752973623
0.20289882041236915	0.20281774498829871	0.20259029882354423	0.2021134414940005	0.20015539488409548
0.20682628637915484	0.20674398536949826	0.20651311497762911	0.20602922501831752	0.20404428226704968
0.2108041662029513	0.2107206658556156	0.21048644645342238	0.2099956853707115	0.20798455739736094
0.21483278482488416	0.21474811434962066	0.2145106290094708	0.21401317495391614	0.21197665052652942
0.21891246775551523	0.21882665969129644	0.2185860004133017	0.2180820503559482	0.21602100266065302
0.22304354110398664	0.22295663170440116	0.22271290054247125	0.2222026725574462	0.22011806602081857
0.22722633160767497	0.22713836124464468	0.22689167148732142	0.2263754071423654	0.22426830450972732
0.23146116666235514	0.23137218024847708	0.23112265765544465	0.23060062451203373	0.2284721941846562
0.23574837435287194	0.23565842178268992	0.23540620587785643	0.23487870010257256	0.23273022373687974
0.24008828348432176	0.23999742009483035	0.23974266551687526	0.2392100146056904	0.23704289497770856
0.2444812236137431	0.24438951066442785	0.2441323885757154	0.24359495419286673	0.24141072333132657
0.24892752508231614	0.2488350302550349	0.24857572980978804	0.2480339107429399	0.2458342383346384
0.2534275190480715	0.25333431696708086	0.25307304683972187	0.2525272820731224	0.25031398414437095
0.25798153751910885	0.2578877102915392	0.2576247002660985	0.2570754721734686	0.2548505200517116
0.26258991338732535	0.26249555116441226	0.2622310537859163	0.26167889144482653	0.25944442100479176
0.2672529804626539	0.2671581820220289	0.2668924743107797	0.26633795694031237	0.26409628223850073
0.27197107350781285	0.271875946857163	0.27160933208682747	0.27105309261034377	0.26880696563589124
0.27674452827356466	0.27664919127596693	0.2763820008164039	0.27582472955128406	0.2735771610129725
0.2815736815344887	0.2814782625557267	0.28121085778148136	0.2806533062577497	0.2784074213640466
0.2864588711252629	0.2863635113299018	0.2860962843317761	0.2855392750375994	0.2832983589623995
0.2914004429251374	0.29130532149830624	0.2910387258660907	0.29048323787139774	0.28825064828699687
0.29639875430133794	0.2963040479664016	0.2960385934546755	0.29548567134412224	0.293265029000622
0.30145414065393344	0.30136003444232407	0.3010962555587687	0.3005469966256517	0.2983423089823067
0.3065669395946559	0.306473631173327	0.3062120946565089	0.3056676643226639	0.30348336741771526
0.31173749287127483	0.31164519528496865	0.311386507968701	0.310848155986121	0.3086891579520095
0.3169661465770796	0.31687509112585477	0.31661990819652774	0.3160889856442244	0.31396071191064795
0.32225325136375765	0.32216369061796063	0.32191272427129325	0.32139070136135717	0.3192991415945665
0.3275991626576758	0.32751137361254945	0.3272654021163203	0.3267538868237042	0.3247056436572588
0.33300424087957653	0.33291852825172213	0.3326784054211581	0.33217916295241706	0.3301815025724045
0.3384688516676999	0.3383855513356274	0.33815221642828214	0.33766718954536457	0.3357280942019284
0.34399336610434195	0.34391284869538347	0.34368733673252727	0.3432186669487378	0.34134688947568964
0.34957816094587973	0.3495008355717641	0.34928428809351236	0.34883433775997397	0.3470394581954262
0.3552236188562647	0.3551499369996962	0.3549436132613653	0.35451498856368874	0.352807472977107
0.36093012864402757	0.36086058819865235	0.36066587681611056	0.36026145170256685	0.3586527133475323
0.36669808550280436	0.3666332349690065	0.3664516660211072	0.3660746070854043	0.36457707001282125
0.37252789125542396	0.37246833409443614	0.37230159169099697	0.371955384034768	0.3705825493184084
0.37841995460158323	0.37836635375047634	0.3782162890746485	0.37790476317704297	0.3766712779223537
0.3843746913691525	0.38432777391931616	0.3841964187536654	0.3839237783779325	0.3828455077061352
0.3903925247691444	0.3903530868109675	0.3902426675570502	0.3900135187268222	0.38910777037556193
0.3964738856543918	0.39644279729091925	0.3963557494927016	0.3961751305737523	0.3954613016728887
0.4026192127819846	0.4025974233144208	0.40253640669646984	0.4024098196231446	0.40190935212358153
0.4088289530795141	0.40881749636754267	0.40878541039956345	0.40871885308880385	0.40845547173248464
0.4151035619151773	0.4151035619151695	0.41510356191516956	0.4151035619151698	0.4151035619176991
