0.028007820504063908	0.028007820504063908	0.028007820504063908	0.028007820504063908	0.028007820504063908
0.028864196487319187	0.0288638312682935	0.028862990979320415	0.028861530390314052	0.02885922727299869
0.029737915614182608	0.029737194475032588	0.029735535350028635	0.029732651687815442	0.029728105252186762
0.030629149065784955	0.030628080527278525	0.030625622223569463	0.030621349859421106	0.030614614872806093
0.03153806812224951	0.031536659966230854	0.03153342043545185	0.03152779075799301	0.03151891724102647
0.032464844194655736	0.03246310351555925	0.03245909912159876	0.032452140747091004	0.032441174335783834
0.03340964885822967	0.03340758212737761	0.03340282779345046	0.03339456682645302	0.03338154920374777
0.03437265379594269	0.03437026689865454	0.03436477620425303	0.03435523639122138	0.034340205393606334
0.03535403079154072	0.035351329074156765	0.03534511434536052	0.035334317262346655	0.0353173074328875
0.03635395178171621	0.036350940103788185	0.03634401255011646	0.036331977816856376	0.036313020501568954
0.037372588738662435	0.037369271487300224	0.03736164123397174	0.037348386573337104	0.037327510053511787
0.03841011368502363	0.03840649479557079	0.03839817092890959	0.03838371225085158	0.03836094191782463
0.039466698710224006	0.0394627816933069	0.03945377232050465	0.03943812383115219	0.03941348240412059
0.04054251598738382	0.04053830396256477	0.040528616286325675	0.04051179062316934	0.04048529841164718
0.04163773779082224	0.04163323352708707	0.04162287393567828	0.041604882329767494	0.041576557542270715
0.04275253651414715	0.042747742477456115	0.042736716650687165	0.04271756911676336	0.0426874281795883
0.043887084636675205	0.043882003008433444	0.04387031599565595	0.043850021413707446	0.043818078382273404
0.045041554546110064	0.045036187199850315	0.04502384333716245	0.045002409358313754	0.04496867681629895
0.04621611879644082	0.04621046736504966	0.04619747042326891	0.046174903731379835	0.04613939268260815
0.04741094997784336	0.047405015859935805	0.04739136907735438	0.04736767542193508	0.04733039531205594
0.04862622070250267	0.04862000507167431	0.048605711173755534	0.04858089540715215	0.048541854210311854
0.04986210361158894	0.04985560742842191	0.049840668653643186	0.0498147347791143	0.049773939104312395
0.05111877138246756	0.05111199540938228	0.05109641354143233	0.05106936477248176	0.05102681999025823
0.052396396736141854	0.05238934155518585	0.052373117961722136	0.05234495679305324	0.05230066718315109
0.053695152444929034	0.05368781847859529	0.05367095415676715	0.05364168244722237	0.05359565136786496
0.055015211340369054	0.05500759887553458	0.05499009450447838	0.05495971357232688	0.05491194365174763
0.0563567463213666	0.05634885553644276	0.056330711536953425	0.05629922226788803	0.056249715618746095
0.05771993036113661	0.057711761352066446	0.057692977952811746	0.05766038090111334	0.057609138718635086
0.059104936368095086	0.05909648910375661	0.05907706628332467	0.05904336151160913	0.0589903842510411
0.06051193728699359	0.06050321165724389	0.06048314917732335	0.06044833642672871	0.06039362425484033
0.06194110615339526	0.06193210198647523	0.061911399471883094	0.061875478241259774	0.06181903088674809
0.06339261602220782	0.0633833330925071	0.06336199004835762	0.06332495962522941	0.06326677643954731
0.06486663997085526	0.06485707800792825	0.06483509383959991	0.06479695333607281	0.0647370333631524
0.06636335110254263	0.06635350980141037	0.06633088383739112	0.06629163223115311	0.0662299742862712
0.06788292254961244	0.067872801582387	0.06784953310007862	0.06780916928063077	0.06774577203866548
0.06942552747699252	0.06941512650585986	0.06939121476042173	0.06934973758068247	0.0692845996740064
0.07099133908573602	0.07098065777733305	0.07095610203364608	0.07091351036706875	0.0708466304933243
0.0725805306166538	0.07256956865787512	0.0725443682257061	0.0725006610290509	0.07243203806905193
0.07419327535403739	0.07418203246930889	0.07415618674175466	0.07411136312365446	0.0740409962696579
0.07582974662947436	0.07581822259952792	0.07579173109482044	0.07574579039028032	0.07567367928486991
0.077490117825756	0.0774783125079422	0.07745117491469346	0.07740411676566346	0.07733026165245604
0.07917456238087502	0.079162475731049	0.07913469195701664	0.07908651639917645	0.0790109181762438
0.08088325380766603	0.08087088591167607	0.08084245615030047	0.08079316373121218	0.08071582354735495
0.0826163656414056	0.08260371668794377	0.08257464143892636	0.08252423313305961	0.08244515265031631
0.08437407136936523	0.0843611416618537	0.08433142168685807	0.08427989893314555	0.08419908067776923
0.08615654453040086	0.0861433345108456	0.08611297087970796	0.08606033566869188	0.08597778315136292
0.08796395872254884	0.0879504689939384	0.08791946313696287	0.0878657180998545	0.08778143594308754
0.08979648760682776	0.08978271895695208	0.08975107272055198	0.08969622122391191	0.08961021529704481
0.09165430491111892	0.0916402583378366	0.09160797404359063	0.09155202028974493	0.09146429785165466
0.09353758443412558	0.09352326117210993	0.0934903416793017	0.09343329081260551	0.09334386066229743
0.09544650004941246	0.09543190159840409	0.09539835037011356	0.09534020858917518	0.09524908122439125
0.09738122570952401	0.09736635386412038	0.09733217503693513	0.0972729497129133	0.09718013749690241
0.09934193545018052	0.0993267923311909	0.09929199078860569	0.09923169058969211	0.09913720792628715
0.10132880339455473	0.10131339148195	0.10127797293152307	0.10121660795372203	0.10112047147086714
0.10334200375762773	0.10332632592511372	0.10329029697944729	0.1032278788837637	0.1031301076256343
0.10538171085062185	0.10536577040186561	0.10532913866347901	0.10526568081962728	0.10516629644748555
0.10744809908551464	0.10743189979205282	0.1073946739422161	0.10733019157896007	0.1072292185808874
0.10954134297963086	0.10952488912048806	0.10948707901208377	0.10942158937431969	0.10931905528396801
0.11166161716031318	0.11164491356336159	0.1116065303178421	0.1115400528305352	0.11143598845503833
0.11380909636967244	0.11379214845475928	0.11375320456326841	0.1136857610023534	0.11358020065953911
0.11598395546941614	0.1159667692932892	0.1159272787220151	0.11585889339237194	0.11575187627331553
0.11818636944575657	0.11816895174881634	0.11812893004864287	0.11805962996925813	0.1179512058054784
0.1204165134143968	0.12039887174035434	0.12035833612174247	0.12028815181190608	0.12017837262290573
0.12267456363944894	0.12265670721465403	0.12261567770426146	0.12254464532216006	0.12243356008671676
0.12496069629248621	0.12494263458968383	0.12490113378547935	0.12482929137744309	0.12471695331646154
0.12727508634829604	0.12725682960275322	0.12721488167033676	0.12714227026927655	0.12702873928259034
0.12961790913233265	0.1295994684753574	0.12955709946072247	0.12948376360625374	0.12936910690048836
0.1319893403428613	0.1319707279390345	0.1319279660981293	0.1318539543836804	0.1317382471260756
0.13438955607037234	0.13437078526167537	0.13432766140704963	0.1342530270544067	0.13413635305297278
0.13681873281732598	0.13679981827428	0.13675636613910724	0.13668116760084562	0.13656362001123384
0.13927704751823497	0.13925800539816657	0.1392142620179308	0.13913856360818574	0.1390202456676538
0.1417646775600772	0.14174552567262924	0.14170153178476325	0.14162540433879184	0.14150643012764727
0.14428180080304528	0.1442625587830452	0.14421835924481405	0.144141880807802	0.14402237603871237
0.14682859560162945	0.14680928508943436	0.14676492931434923	0.14668818585991855	0.14656828869548086
0.14940524082603343	0.14938588565546795	0.14934142806852482	0.1492645142474008	0.14914437614636586
0.15201191588392765	0.1519925422779283	0.15194804278996202	0.15187106270925868	0.15175084930181476
0.15464880074253434	0.15462943751662256	0.1545849620180676	0.15450803005165586	0.15438792204418053
0.15731607595104988	0.15729675472474544	0.15725237559909902	0.1571756172295252	0.1570558113392213
0.1600139226634024	0.15999467807969825	0.15995047473697968	0.15987402742940346	0.15975473734924678
0.16274252266134423	0.16272339261435953	0.16267945204486228	0.16260346615349253	0.162484923547922
0.16550205837788196	0.1654830842488122	0.1654395015974476	0.16536414130495464	0.16524659683675114
0.16829271292104264	0.16827393982252375	0.16823081898405684	0.16815626327444885	0.16803998766325723
0.1711146700979797	0.17109614712698834	0.17105360136246658	0.17098004502792288	0.17086534054753189
0.17396811443941218	0.1739498949388208	0.17390804751350183	0.17383570219566277	0.17372292508810747
0.1768532312244093	0.17683537305331537	0.1767943578964005	0.17672345345762114	0.17661297947808915
0.17977020794025603	0.17975277676494733	0.17971274015017547	0.17964353690663615	0.17953575061483157
0.1827192364297418	0.18270230298535123	0.18266340811588055	0.1825961853121292	0.18249149828520364
0.18570050514570222	0.185684145581756	0.18564656892597572	0.18558162879799334	0.18548049576222103
0.18871420447293127	0.18869850177398004	0.18866243496134083	0.18860010668082483	0.18850303041154484
0.19176052735757057	0.1917455723018897	0.19171122438958868	0.19165186788604446	0.19155940430807517
0.1948396694207097	0.1948255615808297	0.19479316142091338	0.19473717137071733	0.19464993486290125
0.19795182907371636	0.19793867785943478	0.19790847656792712	0.19785628655318432	0.19777495546092436
0.20109720763530559	0.20108513337983672	0.20105740690953147	0.20100949374963678	0.2009348161095073
0.20427600945035787	0.20426514454028988	0.2042401963588762	0.2041970846177942	0.20412988409855884
0.20748844201049474	0.20747893206022902	0.20745709593545988	0.2074193626078487	0.20736054467250972
0.21073471607642905	0.21072672114779048	0.21070836404144577	0.21067664342088757	0.21062720171469637
0.21401504580209563	0.21400874166981698	0.21399426674226005	0.21396925547500173	0.2139302784447142
0.21732964886058542	0.21732522832437864	0.21731507805155945	0.21729754037933338	0.21727021812937564
0.2206787465718952	0.22067642081584066	0.22067108022065773	0.22066185341633165	0.22064748480795987
0.22406256403251137	0.2240625640325152	0.22406256403251124	0.22406256403251126	0.22406256403251398
