0.08851854381531317	0.08851854381531317	0.08851854381531317	0.08851854381531317	0.08851854381531317
0.09122113415960632	0.09121663337376712	0.09120426866584158	0.0911782051352213	0.09107829887271343
0.09397863896238824	0.09396975293113427	0.09394534474687008	0.09389391815587367	0.09369709121440953
0.09679159062041005	0.09677842511340345	0.09674226741796774	0.09666611861286094	0.09637509880679655
0.09966052244642548	0.09964317408252549	0.09959553531798063	0.09949524957596828	0.09911252877026917
0.10258596891258571	0.10256452592489444	0.10250565116395088	0.10238176303682338	0.10190961865180544
0.10556846532282724	0.10554300808796055	0.10547312058076459	0.10532611736984016	0.10476663067160287
0.10860854807987473	0.10857914987146547	0.10849845308171004	0.10832877942188392	0.10768385377833711
0.11170675427371027	0.11167348165158415	0.11158216050934655	0.11139022106003535	0.11066159169241552
0.11486362144619194	0.11482653457840775	0.11472475634123992	0.11451091781299451	0.11370016467511469
0.11807968773502783	0.11803884081393914	0.11792675617576341	0.11769134986051688	0.11679991239152428
0.12135549202307665	0.12131093377897724	0.12118867823665418	0.12093200306377855	0.11996119678567468
0.1246915740929642	0.1246433484088321	0.12451104389619963	0.12423337003608795	0.12318438727265585
0.12808847417115068	0.1280366201087721	0.12789437575406706	0.1275959457648166	0.12646987401822193
0.1315467327837412	0.13149128518740572	0.13133919794980872	0.1310202290391446	0.1298180638733057
0.13506689144284711	0.13500788132434008	0.13484603770227538	0.1345067248139537	0.13322936865901272
0.13864949181844152	0.13858694645966538	0.13841542278532618	0.1380559393044666	0.13670420651490026
0.14229507579496167	0.14222901890318163	0.14204788174761393	0.1416683804467083	0.14024300330895936
0.1460041855394285	0.1459346374475295	0.1457439441444801	0.14534455837558222	0.14384619410741248
0.14977736357190807	0.14970434148521708	0.1495041407779487	0.14908498592008732	0.1475142247024769
0.15361515283830962	0.15353867112953376	0.153329003944778	0.15289017911550723	0.15124755319629749
0.15751809678551823	0.15743816733934182	0.1572190676925324	0.1567606577324014	0.15504665163930828
0.16148673943886072	0.1614033720477392	0.161174868083642	0.16069694582224012	0.1589120076856177
0.16552162548184846	0.165434828275314	0.16519694343321467	0.1646995720498479	0.16284410160018717
0.1696232993490643	0.16953307829312997	0.1692858305879789	0.16876906122339635	0.1668434127371967
0.17379230538552012	0.17369866468776396	0.17344206700520923	0.1729059408663053	0.1709104377896901
0.1780291887377533	0.17793213114727388	0.17766619244545936	0.1771107426061382	0.17504567709374574
0.18233449469902221	0.1822340216092218	0.1819587471876279	0.18138399918803486	0.17924963528636756
0.18670876874020814	0.18660488031209102	0.1863202721346222	0.1857262446936754	0.18352282198364459
0.19115255654166527	0.19104525184827223	0.1907513089222413	0.1901380147668622	0.1878657524787003
0.19566640402601487	0.19555568121861688	0.19525240003126457	0.19461984684567402	0.1922789484589544
0.20025085739188406	0.2001367138885514	0.19982408890273357	0.19917228040113918	0.19676293874222717
0.20490646314858496	0.2047888958457538	0.20446692005641948	0.2037958571823794	0.20131826003122935
0.20963376815174034	0.20951277365938756	0.20918143921246127	0.2084911214681724	0.20594545245453957
0.21443331963984644	0.21430889453799076	0.21396819341600656	0.2132586202897933	0.2106450556596459
0.21930566500652052	0.21917780566473283	0.21882772981369222	0.2180989002978482	0.21541762133358708
0.22425135160806867	0.22412005454318815	0.22376059597940662	0.22301250986724108	0.22026370521512223
0.22927092733787321	0.22913618941287847	0.22876734111633892	0.22800000039477564	0.22518386720832564
0.23436494031814695	0.2342267588778841	0.23384851518192754	0.23306192483498428	0.23017867176759177
0.23953393891258098	0.2393923119402332	0.23900466895649186	0.23819883784018658	0.2352486882908465
0.24477847174713951	0.24463339803410783	0.24423635411351277	0.2434112959037976	0.24039449152079312
0.2500990877313518	0.24995056706086544	0.24954412329156028	0.24869985750686927	0.24561666195401627
0.255496336080107	0.25534436942487476	0.25492853016786127	0.25406508326783933	0.25091578625778677
0.26097076633594324	0.2608153560701634	0.2603901295335044	0.2595075360954675	0.25629245769439657
0.26652292839183617	0.2663640785178812	0.26592947737027256	0.26502778134493654	0.26174727655288565
0.2721533725144848	0.2719910889045684	0.2715471309291027	0.2706263869770956	0.26728085058799966
0.2778626493680918	0.2776969400212382	0.277243648810163	0.27630392372082674	0.2728937954662539
0.2836513100386432	0.28348218535326436	0.28301959104454594	0.2820609652385112	0.27858673521897037
0.2895199060586819	0.289347379121077	0.2888755191775706	0.2878980882945826	0.2843603027021728
0.2954689894325752	0.2952930763216628	0.29481199635368743	0.2938158729271379	0.2902151790866455
0.30149911266228113	0.301319832770872	0.300829587402987	0.2998149026225977	0.2961520622638825
0.30761082882743557	0.3074282059070184	0.3069288601678085	0.30589576996523704	0.3021715732121652
0.3138046938401163	0.313618757227578	0.31311039152740167	0.3120590811991673	0.30827434619050126
0.3200812618493408	0.3198920435510645	0.31937474883467265	0.3183054218432915	0.31446103135875764
0.3264410861114667	0.3262486220956151	0.325722499688571	0.32463538118114477	0.3207322956528413
0.33288472082829124	0.33268905161893264	0.3321542148752218	0.3310495549906015	0.32708882367196207
0.3394127211999924	0.3392138925036428	0.33867046854379174	0.33754854589592836	0.33353131857789037
0.3460256434790464	0.34582370684421093	0.3452718383854713	0.34413296372568875	0.3400605030061519
0.35272404502512916	0.35251905853541926	0.351958905815573	0.3508034258764991	0.3466771199891763
0.3595084843609952	0.3593005133624029	0.3587322561587404	0.3575605576826139	0.35338193389145256
0.3663795212293377	0.3661686390922363	0.36559247883725976	0.3644049927913339	0.3601757313568242
0.37333771665062715	0.3731240055670816	0.37254016756247604	0.37133737354424395	0.36705932226810123
0.38038363298192635	0.38016718479888495	0.37957592052930395	0.37835835136428086	0.37403354071925604
0.3875178339766876	0.38729875106563055	0.38670034061384545	0.38546858714865384	0.38109924600052375
0.39474088484552555	0.3945192810091474	0.3939140355741024	0.39266875166763815	0.3882573235968236
0.4020533523179697	0.40182935373446965	0.40121761825379704	0.3999595259692756	0.39550868619998
0.4094558047051903	0.40922955091074753	0.40861170678929787	0.4073416017900214	0.40285427473532964
0.4169488119637137	0.4167204568737198	0.41609692481966226	0.41481568197140056	0.4102950594033856
0.424532945760103	0.4243026587297376	0.4236739016998013	0.42238248088272057	0.41783204073731367
0.4322087795366278	0.43197674646134343	0.4313432727167764	0.43004272484992906	0.42546625067710814
0.4399768885779098	0.439743313034417	0.4391056793092421	0.43779715259069796	0.4331987536614395
0.44783785007854987	0.44760295450687665	0.4469617692900532	0.44564651565583285	0.44103064773827877
0.4557922432117367	0.4555562719481534	0.45491219864730675	0.4535915845529912	0.4489630656955131
0.46384067142395163	0.46360391474328827	0.4629577222229788	0.4616333387571463	0.4569971825598256
0.47198373359208423	0.47174649443057715	0.4710990315731782	0.469772605124877	0.4651348334296127
0.4802220045440849	0.4799846057731065	0.479336769381213	0.4780101245417016	0.4733774751829566
0.4885560658573814	0.4883188544531358	0.4876716010941949	0.48634668450416496	0.4817261765858613
0.4969865062288691	0.4967498576344594	0.4961042160926338	0.49478312148167286	0.49018214990148673
0.5055139218339653	0.5052782445340157	0.5046353288792164	0.5033203233177956	0.49874675790250256
0.5141389166915283	0.5139046570027873	0.5132656802869187	0.5119592316720007	0.5074215210247637
0.5228621030346577	0.5226297501160164	0.5219960387066737	0.5207008445030402	0.5162081246738978
0.5316841016873958	0.5314541927728049	0.53082720133486	0.529546218595533	0.525108426699564
0.5406055424473499	0.540378668305151	0.5397599954409505	0.5384964721315991	0.534124465055552
0.5496270644742562	0.549403875096501	0.5487952796557052	0.5475527873097342	0.543258465667581
0.5587493166845358	0.5585305272099164	0.5579339452803882	0.5567164130135055	0.552512850534667
0.5679729581518617	0.5677593550259455	0.5671769176175362	0.5659886675330151	0.5618902460942073
0.5772986585137825	0.5770911058903336	0.576525157323893	0.5753709413425103	0.5713934918856644
0.5867270983844628	0.5865265447716914	0.585979661786203	0.5848646999379596	0.581025649552802
0.5962589697735811	0.5960664549292879	0.5955414665206483	0.5944714867389086	0.5907900122300437
0.6058949765114493	0.6057116385911152	0.6052116465967817	0.6041929260593952	0.6006901143646023
0.615635834680424	0.615462917642433	0.614991318086929	0.6140307261533146	0.6107297420328156
0.6254822730526759	0.625321134324971	0.6248816395421163	0.6239866823401421	0.620912943816549
0.635435033534403	0.6352871519470265	0.6348838134956784	0.6340626802175952	0.6312440423138224
0.645494871616571	0.6453618556046958	0.6449990879958332	0.6442606989684652	0.6417276463670873
0.6556625568322728	0.6555461529156146	0.6552287581686004	0.654582814769568	0.652368664102952
0.6659388853515958	0.6658410391988633	0.6655742563539874	0.6650313996421487	0.6631723168888626
0.6763247329977014	0.6762475871766006	0.6760372410900277	0.675609280190831	0.6741443563241047
0.6868209798523529	0.6867668821154697	0.6866193753409835	0.6863192949645555	0.6852923980035449
0.6974285363176094	0.6974000681304136	0.6973224416078349	0.6971645330043833	0.696624249711735
0.7081483505225118	0.7081483505225065	0.7081483505229412	0.7081483505225065	0.7081483505225069
