0.2161097261116043	0.2161097261116043	0.2161097261116043	0.2161097261116043	0.2161097261116043
0.2226683736489892	0.22264657737950727	0.2225962827573308	0.22250718784620044	0.2223622834652436
0.229362111839113	0.22931909417125396	0.22921986120867227	0.22904419733535117	0.22875886819727534
0.236192153573564	0.2361284402794711	0.2359815086934178	0.23572158354048636	0.2352999199505363
0.24315972052791396	0.24307579192709963	0.24288229373345693	0.24254021444522877	0.241985952792316
0.2502660430203767	0.250162337465359	0.2499233055856512	0.24950099543678134	0.2488175485806851
0.2575123598584997	0.25738927724973143	0.25710565380133577	0.2566048685858234	0.2557953588326448
0.26489991659676426	0.2647578210214003	0.2644304640344273	0.26385280467523553	0.26292008371136427
0.2724299634193022	0.27226918510352643	0.27189887317318756	0.2712457951627342	0.2701924643481574
0.28010375643608687	0.2799245941856745	0.2795120321855225	0.2787848567824495	0.27761329002507024
0.2879225590341596	0.28772528318249013	0.2872711090935792	0.28647103637032983	0.2851834047791121
0.2958876385811496	0.29567249230809883	0.29517728080641387	0.2943053947406993	0.2929036704020869
0.304000267646233	0.3037674696805355	0.3032317368693	0.30228901761923466	0.3007750165606283
0.3122617289838188	0.31201147696889703	0.31143569166037094	0.31042303452536785	0.308798411727327
0.3206733063089594	0.3204057772177681	0.3197903617201918	0.31870857862693114	0.31697483610821336
0.3292362847283721	0.3289516355107743	0.3282969666410848	0.3271467882612163	0.3253052850379827
0.3379519513243096	0.3376503197795952	0.3369567303239213	0.33573880893226943	0.3337907725382553
0.34682159575993066	0.3465031016431109	0.345770882283692	0.3444857953911491	0.3424323350336738
0.35584651090605995	0.35551125727647287	0.3547406590033271	0.35338891379761966	0.3512310352207462
0.36502799348924564	0.36467606830990634	0.3638673053352392	0.3624493439617808	0.3601879660844675
0.3743673447610099	0.3739988227570511	0.37315207595008937	0.3716682816641484	0.36930425505792097
0.3838658711881906	0.3834808159726428	0.3825962368322385	0.38104694105270615	0.3785810683202346
0.393524885164287	0.3931233516393575	0.39220106682142075	0.39058655711552054	0.38801960810905434
0.4033457055484651	0.40292774167467116	0.40196785920012973	0.4002883882275349	0.397621017105816
0.41332964193182314	0.412895282265131	0.41189791591111824	0.4101537187702238	0.4073864756557311
0.42347800442056643	0.42302727597535295	0.42199250299229285	0.42018381689438894	0.41731719366759135
0.43379211109475446	0.4333250337247351	0.4322529106594265	0.43037990259997716	0.42741439056986885
0.4442732813559087	0.44378986832174067	0.44268043829382997	0.44074325202787323	0.4376792969583789
0.45492283618589974	0.4544230948252008	0.45327638851512814	0.4512751474624204	0.448113156293728
0.4657420984136635	0.46522603091650067	0.46404206774170664	0.4619768770158448	0.45871722664730746
0.47673239298972897	0.4761999972825939	0.4749787867675601	0.47284973552406495	0.4694927824946294
0.48789504726851507	0.48734631800979256	0.4860878613554005	0.48389502546755614	0.48044111655479405
0.4992313912983871	0.49866632098828056	0.4973706128459041	0.4951140579169092	0.491563539564386
0.5107427581194297	0.5101613383260322	0.5088283687829581	0.5065081535027411	0.5028613549831877
0.5224304820480417	0.5218327026223356	0.5204624634826847	0.5180786434096134	0.5143358914732021
0.5342958976833773	0.533681748574206	0.5322742318039001	0.5298268693633067	0.5259884937359646
0.5463403438612814	0.5457098160413442	0.5442650132488217	0.5417541732119828	0.5378205158282524
0.5585651611111719	0.5579182471618612	0.5564361542612813	0.5538619073052424	0.5498333220875532
0.5709716917656302	0.5703083865739211	0.5687890053061925	0.5661514326619441	0.5620282880777943
0.5835612801249119	0.5828815816428161	0.58132492123045	0.5786241175265213	0.5744068015549066
0.5963352726254153	0.5956391826934364	0.5940452616321744	0.5912813379671688	0.5869702634517578
0.6092950180121035	0.6085825432481264	0.6069513912382276	0.6041244784866805	0.5997200888820596
0.62244186751486	0.62171302026989	0.6200446802899425	0.617154932645765	0.6126577081628152
0.6357771750287716	0.6350319744109265	0.6333265049370178	0.6303741036986935	0.625784567854925
0.6493022972983301	0.6485407702664812	0.6467982476394991	0.6437834052411091	0.6391021318215784
0.6630185941055216	0.6622407766339689	0.6604612975777918	0.6573842618698572	0.6526118823040662
0.6769274284618172	0.6761333667773658	0.6743170510706598	0.671178109854687	0.6663153210146973
0.6910301668040302	0.6902199186968403	0.6883669120011426	0.6851663978216905	0.6802139702465216
0.7053281791940477	0.704501815403597	0.7026122922503373	0.69935058744834	0.6943093759402298
0.7198228395224023	0.7189804451999199	0.7170546121389934	0.7137321541700141	0.7086035320828825
0.7345155257157013	0.7336572019643817	0.7316953008768803	0.7283125878978906	0.7230982038644127
0.7494076228907215	0.7485334973574586	0.7465357970198745	0.7430933937481135	0.737794800501005
0.7645005389395231	0.7636107604240279	0.7615775489347085	0.758076092782138	0.7526947733881729
0.7797956575082302	0.7788903858785046	0.7768220522666266	0.773262222758177	0.7677996187928137
0.7952943621158576	0.7943737759447668	0.7922707953917381	0.7886533588340044	0.7831108805850979
0.8109980438965484	0.810062343303677	0.8079252279107851	0.804251168659081	0.7986301530094457
0.8269081020226496	0.825957511668363	0.8237868179973682	0.8200572073670273	0.8143590834940818
0.8430259441353172	0.8420607163694991	0.8398570534608819	0.8360730408763231	0.8302993754988038
0.8593529867826594	0.8583734049505832	0.8561374427758853	0.8523002705468253	0.8464527914008705
0.8758906558653818	0.8748970377731641	0.8726295161280969	0.8687405350011934	0.8628211554191093
0.8926403870899405	0.8916330886320293	0.8893348264769627	0.8853955119733851	0.8794063565766358
0.9096036264291915	0.908583045380319	0.906254950634803	0.9022669201842797	0.8962103517028261
0.9267818305905248	0.9257484105645881	0.9233914903625519	0.9193565212446192	0.9132351684755103
0.9441764674914946	0.9431307020698005	0.9407460734821286	0.9366661215855044	0.9304829085046468
0.9617890167429415	0.960731453774276	0.9583203550055204	0.9541975744168377	0.9479557504591153
0.9796209701396114	0.9785522162146156	0.9761160182806571	0.9719527817141794	0.9656559532385985
0.9976738321582876	0.9965945572606176	0.9941347761542211	0.9899336962346452	0.983585859192954
1.0159491204634497	1.0148600628002324	1.0123783721515478	1.0081423235625442	1.0017478973918645
1.0344483664204702	1.0333503374346062	1.0308485816738198	1.0265807241856761	1.0201445869480443
1.0531731156163882	1.052067005183252	1.0495472132127823	1.0452510156032755	1.0387785403977148
1.0721249283882721	1.0710117101994328	1.0684761095832538	1.0641553744667962	1.0576524671426317
1.0913053803592245	1.090186117495831	1.0876371491737558	1.0832960387548956	1.076769176958433
1.1107160629820512	1.109591913680576	1.1070322472156213	1.10267530998413	1.0961315835747245
1.1303586829276497	1.129230972682081	1.1266633570709703	1.1222955554570933	1.115742708332895
1.1502350768540421	1.1491052833491422	1.1465328313104277	1.1421592105499259	1.1356056839283684
1.1703468121571279	1.1692164936106164	1.1666432364007295	1.1622692694509469	1.1557237582446827
1.1906954941794183	1.1895663151027445	1.1869964003476223	1.1826299105897682	1.1761002982875723
1.2112827856877715	1.2101565382511217	1.2075942690634547	1.2032433110971101	1.1967387942280676
1.2321104097541427	1.2309890361911757	1.22843893516198	1.2241116942369152	1.2176428635644951
1.253180152683338	1.252065768752891	1.2495326452862612	1.2452375684002326	1.2388162554142244
1.2744938669882573	1.2733887865108116	1.2708778075622815	1.2666237415228294	1.2602645452107049
1.2960534744132235	1.2949602349006455	1.2924769991824443	1.2882733357866338	1.2819934375636264
1.31786096900619	1.316782358404071	1.314332974124344	1.310189802622987	1.3040067475152204
1.3399184202406846	1.3388575048036242	1.3364486710113592	1.3323769380410029	1.32630888911792
1.3622279761886325	1.3611881295099957	1.3588272211230141	1.3548388983102126	1.3489049113948999
1.3847918667452537	1.3837767999642598	1.3814719565643616	1.3775802160328734	1.3718005285700439
1.4076124069074831	1.4066262001180578	1.4043864186052157	1.400605816648238	1.395002151357779
1.4306920001075232	1.4297391349950923	1.4275743662016485	1.423921035418473	1.4185169194630467
1.454033141603365	1.4531185353377327	1.451039784713902	1.4475316349540175	1.4423527354725387
1.47763842192827	1.4767674623429532	1.4747868948366682	1.4714438233449092	1.4665183003523543
1.5015105304015064	1.5006891124923114	1.4988201617597596	1.495664272974329	1.4910231508053091
1.525652258702805	1.524886822481179	1.5231443045792374	1.5202001401010203	1.5158776987834623
1.550066504513255	1.5493640742529453	1.5477643059813815	1.545059085308878	1.5410932734991776
1.5747562752256716	1.5741245001444744	1.5726854222243671	1.5702492949346922	1.5666821663319332
1.5997246917276566	1.5991718881497234	1.5979131934451287	1.595779503599116	1.5926576790894205
1.6249751053692525	1.6245104388202438	1.6234534543217862	1.6216590179816204	1.6190341761517353
1.6505114891230848	1.6501451201838968	1.6493123451250793	1.647897741997531	1.6458271411083394
1.6763378448758426	1.6760809213871732	1.6754968906581758	1.6745062035548706	1.67305323859151
1.7024584304780723	1.7023232184701675	1.702015818629762	1.7014955830906524	1.700730382119644
1.7288778088930714	1.7288778088945245	1.7288778088938692	1.7288778088982906	1.728877808892835
