0.24323340066529764	0.24323340066529764	0.24323340066529764	0.24323340066529764	0.24323340066529764
0.2506233287976889	0.25058851532737936	0.25049377750536916	0.25028652973036736	0.24948535396453012
0.258165090593708	0.2580963805712362	0.25790948886585785	0.2575012453077041	0.25593121056220913
0.2658600692291746	0.26575830130478717	0.26548161670213466	0.26487808528942813	0.2625685009689012
0.27370965654976065	0.27357559699252526	0.2732112749517847	0.2724176671095568	0.2693951701101698
0.28171525266074826	0.28154960075627766	0.2810996074930837	0.28012068119666134	0.2764095506609776
0.2898782662413189	0.2896816601056085	0.2891477891651577	0.2879878923639655	0.28361026888924606
0.2982001121249678	0.29797313251006136	0.29735701684586613	0.2960201185577579	0.2909962162246336
0.3066822098530479	0.30642538345092674	0.30572850484766567	0.3042182210971696	0.2985665584987885
0.31532598497596326	0.31503978852127584	0.3142634890181537	0.3125831124482617	0.30632067301532107
0.32413287039710076	0.32381773549764514	0.32296323093862295	0.3211157640495476	0.31425816789741257
0.3331043018647271	0.3327606162750461	0.33182900179165814	0.32981716715947723	0.3223788327326792
0.3422417227016456	0.34186983664445647	0.34086210053968846	0.3386883825004437	0.3306825740572321
0.3515465829361843	0.3511468116489588	0.3500638479708531	0.3477305197339786	0.339169423647268
0.36102033382085474	0.36059295861418883	0.3594355696552093	0.3569446999836972	0.3478395480459644
0.3706644284308944	0.370209698131937	0.3689785978514423	0.3663320594245887	0.3566932592029109
0.3804803222852368	0.37999845508120245	0.3786942734911171	0.37589375304385697	0.36573102607192937
0.39046947398982124	0.3899606596864582	0.38858394823939135	0.3856309585680606	0.37495337848797494
0.4006333459031408	0.4000977486128591	0.3986489866310729	0.39554488055136966	0.3843609138796155
0.41097340482394407	0.4104111660981389	0.408890768280957	0.4056367546198839	0.39395435085846864
0.42149112270099565	0.42090236512095686	0.4193106901673708	0.4159078518670961	0.4037344582798651
0.4321879773647952	0.4315728086054288	0.4299101689878873	0.426359483395734	0.4137020609454705
0.4430654502449569	0.4424239575582304	0.44069063418203835	0.43699300500146804	0.423858045646577
0.4541250137359843	0.45345726646396217	0.4516534849364366	0.447809764358519	0.43420336752062066
0.46536814875581944	0.46467420330794923	0.46280014841159584	0.45881105650133225	0.4447390566952839
0.4767963387740478	0.47607623822796236	0.4741320608162871	0.46999824969274406	0.4554662251962617
0.4884110686982156	0.4876648439000103	0.4856506632485141	0.48137272294212613	0.4663860148584286
0.5002138251582534	0.49944149601387805	0.49735740261155265	0.4929358662780921	0.47749957882057065
0.5122060967995603	0.5114076737630358	0.5092537325577082	0.5046890825036923	0.4888081691007163
0.5243893745847304	0.52356486034884	0.5213411144594803	0.5166337890021939	0.5003130641964828
0.5367651521039065	0.5359145434989678	0.5336210184078505	0.5287714195922285	0.5120155713154939
0.549334925893713	0.5484582159999881	0.5460949242373823	0.5411034264310893	0.5239170295331663
0.5621001948317152	0.5611973711464081	0.5587643196072691	0.5536312819649918	0.5360188130374755
0.5750624565813927	0.5741335041131136	0.5716306882846214	0.566356469565099	0.5483223344545723
0.5882232135772884	0.5872681169673959	0.5846955296550458	0.5792804703856207	0.5608290482494281
0.601583970203912	0.6006027140720114	0.5979603495820374	0.5924047971757221	0.5735404541960729
0.6151462323866885	0.6141388023416742	0.6114266590087102	0.6057309737458142	0.586458100912346
0.62891150775451	0.6278778915099047	0.6250959744791541	0.6192605348665381	0.5995835894545052
0.6428813058064258	0.6418214944025575	0.6389698186723238	0.6329950272773247	0.6129185441310648
0.6570571380824654	0.6559711272180209	0.6530497209483482	0.6469360107160909	0.6264645827683383
0.6714405183385775	0.6703283098140342	0.6673372179071229	0.6610850589696113	0.6402233874137234
0.6860329627256746	0.6848945660011059	0.6818338539590727	0.6754437609441218	0.654196674230744
0.7008359899727715	0.6996714238425019	0.6965411819079729	0.6900137217557387	0.6683861949587717
0.7158511215742127	0.7146604159607666	0.7114607635456917	0.7047965638402616	0.6827937391138492
0.7310798819809623	0.7298630798507503	0.7265941702587602	0.7197939280819832	0.6974211362156424
0.7465237987959642	0.7452809581991222	0.7419429836466424	0.735007474961134	0.7122702580393728
0.7621844029735484	0.7609155992103248	0.7575087961516069	0.7504388857196097	0.727343020891878
0.7780632290228748	0.776768563195164	0.7732932117000908	0.7660898635446928	0.7426413879111324
0.7941618255033601	0.7928415070485969	0.7892978829178267	0.7819621347704525	0.7581673713888599
0.8104817776936464	0.8091359967792087	0.8055246181939798	0.7980574500989247	0.773923035116122
0.8270246175232657	0.825653564085543	0.8219750121452533	0.8143777437110056	0.7899104967520625
0.8437918748348722	0.8423957507859069	0.8386506415853734	0.8309248883265695	0.8061319302163031
0.8607850859590881	0.8593641094895776	0.855553105097311	0.8477005966205095	0.8225895681057817
0.8780057941218552	0.8765602042808013	0.8726840243965885	0.8647066249369378	0.8392857268881677
0.895455549859556	0.8939856114155366	0.8900450457179814	0.8819447757423983	0.8562230900904072
0.9131359114418787	0.9116419200308649	0.9076378412254666	0.8994169001132907	0.8734040241681389
0.9310484453024341	0.9295307328670497	0.925464110445235	0.9171249002573189	0.8908308502744168
0.949194726477069	0.947653667002176	0.9435255817216424	0.9350707320689177	0.9085060146094253
0.9675763390499013	0.966012354599364	0.9618240136960227	0.9532564077188445	0.9264320939396613
0.9861948766070414	0.9846084436665061	0.9803611968082951	0.971683998278281	0.944611801183349
1.0050519426979947	1.0034435988285124	0.999138954821367	0.990355636378047	0.9630479910689267
1.0241491513047498	1.0225195021120779	1.0181591463683803	1.009273518903721	0.9817436658750509
1.0434881273185372	1.0418378537429376	1.037423666522868	1.028439909727766	1.000701981262281
1.0630705070242548	1.0614003729556336	1.0569344483919858	1.0478571424799645	1.0199262522084653
1.0828979385925825	1.0812087988158203	1.076693464733013	1.0675276233578341	1.0394199590617947
1.1029720825797689	1.1012648910551288	1.0967027295933796	1.087453833978937	1.059186753727549
1.1232946124351195	1.1215704309186263	1.116964299974549	1.1076383342773704	1.0792304660068608
1.143867215016182	1.142127222024945	1.1374802775201753	1.128083765447072	1.0995551101081473
1.1646915911116582	1.1629370912391248	1.1582528102289629	1.1487928529349392	1.1201648913544613
1.1857694559720622	1.1840018895582696	1.1792840941928389	1.1697684094871907	1.1410642131128155
1.2071025398481439	1.2053234930101058	1.2005763753610257	1.1910133382528238	1.1622576839744991
1.2286925885371305	1.2269038035645574	1.2221319513307802	1.2125306359484755	1.1837501252187048
1.2505413639367755	1.2487447500584588	1.2439531731655877	1.2343233960894835	1.205546578595312
1.2726506446073211	1.2708482891335746	1.2660424472417708	1.2563948122925288	1.2276524069231958
1.2950222263413582	1.293216406188046	1.2884022371245054	1.2787485556327318	1.2500782454636665
1.3176579318798918	1.3158511163415076	1.3110350654744272	1.301390484217554	1.2728309308630779
1.3405600212397977	1.338754465414017	1.3339435159860615	1.3243238066143055	1.2959144079211027
1.363730451585312	1.3619287550631036	1.357131159866767	1.3475514961912085	1.3193336049690803
1.387170957908567	1.3853767865968254	1.3806016575766564	1.371076962432362	1.3430944799099616
1.410883351099316	1.4091005646597345	1.4043573730388208	1.3949040724914794	1.367204068316828
1.4348695219361864	1.4331021458393347	1.4284009298566052	1.4190371732641383	1.3916705339006996
1.459131445144053	1.457383726616109	1.4527352344116682	1.4434811140312378	1.4165032217486564
1.4836711835180811	1.481947650361337	1.477363489787974	1.4682412697405127	1.4417127148343933
1.5084908921151463	1.506796414453083	1.5022892099639085	1.4933235650083034	1.4673108944168844
1.5335928225136624	1.5319326775132027	1.5275162342887494	1.5187344989407217	1.4933110050720384
1.5589793271429686	1.5573592667688458	1.5530487422636878	1.544481170891994	1.519727725250057
1.5846528636838073	1.583079185542881	1.578891268652069	1.5705713072982594	1.5465772444225179
1.610615999541601	1.609095620878458	1.6050487189482407	1.5970132897478704	1.573877348083391
1.636871416394571	1.6354119513038887	1.6315263852394872	1.6238161844744297	1.601647512104736
1.6634219148190361	1.6620317547449848	1.658329962501119	1.6509897734870123	1.6299090082300993
1.690270418994517	1.688958816593045	1.685465565370707	1.6785445875835385	1.6586850228290564
1.7174199814916562	1.7161971379378107	1.7129397454539856	1.7064919415288957	1.688000791450746
1.7448737881462877	1.743750943975876	1.7407595092219534	1.734843971719695	1.7178837522236745
1.7726351630233426	1.7716246926062722	1.7689323365663152	1.763613676703492	1.7483637217812786
1.8007075734747187	1.799823083226306	1.7974662000887867	1.7928149609729986	1.77947309818425
1.8290946352956123	1.8283510657421584	1.8263695852088975	1.822462682516532	1.8112470963110452
1.8578001179842634	1.8572138498102013	1.855651511184803	1.8525727046763172	1.8437240224637343
1.8868279501105136	1.8864169143266922	1.8853215531527672	1.8831619529484773	1.8769461097270932
1.916182224799078	1.9159660171851198	1.9153898653029102	1.914251549452703	1.910972211178671
1.9458672053339061	1.9458672053224066	1.9458672053223818	1.9458672053223822	1.9458672053223827
