0.019810058226897072	0.019810058226897072	0.019810058226897072	0.019810058226897072	0.019810058226897072
0.02041626851239873	0.02041615334717205	0.020415837059734324	0.020415177545082798	0.020412707704651843
0.021034733192811215	0.021034505784766355	0.02103388124720908	0.021032579052010655	0.02102770332533159
0.021665574392570337	0.021665237421999637	0.02166431200644216	0.021662382570552034	0.0216551595623648
0.02230891425131962	0.0223084701666302	0.022307250607469537	0.022304708035616967	0.022295191281080373
0.022964874929606825	0.022964325961256072	0.02296281839269931	0.022959675534523206	0.022947913860400893
0.023633578614799946	0.023632926793078834	0.023631136797124495	0.023627405348952628	0.02361344331950489
0.024315147527222584	0.024314394704030094	0.02431232736929063	0.02430801799849107	0.02429189624341771
0.025009703901724446	0.025008851754556895	0.02500651169947515	0.025001634081542774	0.02498338941777786
0.025717369986929486	0.025716420037179045	0.025713811439212444	0.025708374339914936	0.025688040410008207
0.02643826806818253	0.026437221697650864	0.026434348354994048	0.026428359743412684	0.02640596695220601
0.02717252043476566	0.02717137888843262	0.027168244227108833	0.02716171129163726	0.027137286949367338
0.027920249382122588	0.02791901377279851	0.027915620858002883	0.027908550031717928	0.027882118539571572
0.028681577214423236	0.028680248529121252	0.028676600081123195	0.028668997076763913	0.028640580156422134
0.02945662624722082	0.029455205355311025	0.029451303770081764	0.029443173624988783	0.029412790593732432
0.03024551881020239	0.03024400647340997	0.03023985384814111	0.030231200979506618	0.03019886907244674
0.031048377250031886	0.031046774134340798	0.031042372298019538	0.03103320056879857	0.0309989353097849
0.03186532393328634	0.03186363062281068	0.03185898117201726	0.031849293967849183	0.031813109083785776
0.03269648124948494	0.03269469826236959	0.03268980260246224	0.03267960291995115	0.03264150995820099
0.0335419716029605	0.03354009938167062	0.03353495874539632	0.033524249185256184	0.03348425815806838
0.03440191735870637	0.03439995626132984	0.034394571643058196	0.03438335432276462	0.03434147398503564
0.03527644091918025	0.03527439124863451	0.03526876347700521	0.035257040178591895	0.035213277833146275
0.036165664696814995	0.03616352669845282	0.03615765644851008	0.036145428630494685	0.03609979021470232
0.03706971110746415	0.03706748497174203	0.03706137277123815	0.03704864158280643	0.03700113178698049
0.037988702571412604	0.037986388437256435	0.037980034674763005	0.03796680097380677	0.037917423379799246
0.03892276151442018	0.038920359473310386	0.03891376440819598	0.03890002878332928	0.03884878602393389
0.039872010368797936	0.0398695204695969	0.039862684243929435	0.03984844704060733	0.03979534098037675
0.04083657157451742	0.04083399382906122	0.040826916481494106	0.04081217783235769	0.04075720977043989
0.04181656758035268	0.04181390196982979	0.04180658345152979	0.041791343311102	0.0417345141901415
0.04281212084505521	0.0428093673271939	0.04280180751986988	0.04278606570372489	0.04272737572272146
0.043823353838561716	0.04382051235564949	0.04381271109173967	0.043796467320270156	0.04373591609526115
0.04485038904323484	0.044847459528774766	0.044839416614193585	0.044822670551637765	0.04476025734383332
0.04589334893675091	0.04589033129279855	0.045882046485717705	0.045864797667712225	0.045800521583865834
0.046952355991310736	0.04694925011705944	0.046940723136729895	0.04692297104547343	0.04685683102194405
0.04802753270148167	0.0480243384928023	0.04801556905113428	0.047997313152598815	0.047929307967943716
0.04911900156634617	0.04911571891865882	0.049106706728105305	0.0490879464886773	0.04901807484749332
0.05022688508992238	0.050223513901505666	0.05021425868386013	0.05019499358890411	0.050123254214765704
0.05135130578169238	0.051347845957344984	0.051338347453477796	0.05131857702787321	0.051244968765597115
0.05249238615714405	0.05248883761220794	0.05247909559276582	0.05245881942346784	0.05238334135093266
0.053650248738327	0.053646611403081204	0.05363662568017374	0.05361584344084844	0.05353849499059817
0.05482501605442166	0.05482128987885612	0.054811060318753935	0.0547897717965388	0.054710552887396374
0.056016810642322945	0.056012995601301095	0.056002522138169676	0.055980727262609276	0.05589963844152701
0.057225755047236676	0.057221851146056386	0.057211133796749726	0.05718883267095734	0.05710587526532944
0.058451971823290566	0.05844797910365196	0.05843701798359066	0.05841421091768614	0.05832938720096531
0.05969558353415866	0.05969150208054823	0.05968029742070569	0.05965698496757972	0.059570298676756915
0.06095671275369933	0.0609525427001997	0.06094109486522081	0.06091727785867545	0.06082873380937459
0.06223548206660695	0.06223122360414108	0.062219533111617785	0.062195212706933824	0.06210481651823403
0.06353201406907794	0.06352766745309665	0.06351573499402399	0.0634909127110048	0.06339867098147275
0.0648464313694899	0.0648419969281123	0.06482982338854971	0.06480450115709142	0.06471042165241019
0.06617885662835528	0.06617433502289538	0.06616192168187139	0.06613610272178029	0.0660401932763333
0.06752941313747926	0.06752480480028712	0.06751215392156973	0.0674858421436813	0.0673881109076075
0.06889822361768287	0.06889352881522263	0.06888064274275123	0.06885384217912027	0.068754299927112
0.0702854105285997	0.07028062965466549	0.0702675107751141	0.07024022573596808	0.07013888605999621
0.07169109635768661	0.071686229946576	0.07167288073540541	0.07164511589753428	0.07154199539376085
0.073115403622371	0.07311045236266915	0.07309687543342282	0.07306863593425057	0.07296375439665834
0.07455845487224187	0.07455341962122752	0.07453961777813732	0.0745109093155858	0.07440428993641408
0.07602037269128752	0.07601525448997024	0.07600123078393792	0.07597205972219226	0.07586372929926745
0.0775012797001766	0.07749607978897735	0.07748183757699637	0.07745221105828308	0.07734220020933134
0.07900129855858525	0.07899601839366928	0.07898156140175368	0.0789514874642396	0.07883983084827002
0.08052055196756838	0.08051519323784175	0.08050052562752702	0.08047001332945002	0.0803567498752935
0.08205916267197655	0.08205372731675677	0.08203885375523744	0.08200791330537781	0.0818930864474699
0.0836172534629172	0.08361174369028808	0.08359666942425895	0.0835653123188605	0.08344897024035296
0.08519494718026074	0.08518936548612276	0.08517409641938763	0.08514233558563802	0.08502453146892575
0.08679236671519236	0.08678671590301743	0.08677125867793169	0.08673910862411156	0.08661990090885928
0.0884096350128077	0.08840391821411078	0.08838828029692282	0.0883557572693314	0.08823520991808641
0.09004687507475416	0.0900410957702907	0.09002528554044736	0.08999240768721505	0.08987059045869009
0.09170420996191657	0.09169837200361733	0.09168239884709836	0.09164918638899466	0.09152618171007176
0.09338176279714828	0.09337587043080084	0.09335974483754887	0.09332622024589426	0.09320212132385661
0.09507965676804654	0.09507371465673532	0.09505744832224508	0.0950236365040364	0.09489853994142824
0.0967980151297735	0.09679202837808745	0.09677563430922038	0.09674156279957885	0.09661557005692127
0.09853696120792128	0.09853093538694072	0.09851442801203063	0.09848012717408065	0.09835334611896412
0.10029661840142264	0.10029055957449527	0.10027395485780903	0.1002394580900986	0.10011200463147289
0.10207711018550623	0.10207102493482277	0.10205434049544324	0.1020196844470135	0.10189168425608079
0.10387856011469646	0.10387245556867677	0.10385571080387135	0.10382093559708667	0.10369252591620713
0.10570109182585906	0.10569497568735865	0.10567819190050072	0.10564334136174727	0.10551467290276863
0.10754482904129083	0.10753870961663874	0.10752191014974632	0.10748703204811066	0.10735827098153887
0.10940989557185449	0.10940378180073279	0.10938699217169041	0.10935213846572732	0.10922346850216398
0.11129641532015878	0.1112903168063344	0.1112735648508635	0.11123879194356344	0.11111041650884326
0.11320451228378337	0.11319843932670247	0.11318175534514671	0.11314712434721497	0.11301926885268887
0.11513431055854821	0.11512827418580417	0.1151116910947942	0.1150772680963521	0.11495018230577525
0.11708593434182858	0.11707994635491381	0.11706349983157864	0.11702935745323292	0.11690331667689839
0.11905950793591488	0.11905358278692547	0.11903730958805703	0.11900353590692532	0.11887883492906186
0.12105515575141769	0.12104930976159561	0.12103325176850427	0.12099993845430008	0.12087690329871224
0.12307300231071684	0.12306725255909408	0.1230514583224912	0.12301869978000765	0.12289769141674736
0.12511317225145696	0.12510753703075092	0.1250920583165427	0.1250599570119318	0.12494137243132632
0.127175790330087	0.12717028962676938	0.12715518208294205	0.1271238498387765	0.1270081231325096
0.12926098151535423	0.12925563742437807	0.12924096128797166	0.12921052062951038	0.12909812407876486
0.1313688725610989	0.13136370815642	0.13134952899364874	0.1313201145546767	0.13121155972537285
0.13349958967652525	0.1334946302403812	0.13348101972041668	0.13345277970958136	0.13334861855477612
0.1356532589599021	0.13564853280785688	0.13563556951079342	0.1356086672393709	0.13550950299831488
0.13783000703132103	0.1378255457344581	0.1378133159939805	0.1377879314660184	0.13769443236946102
0.14002996105559842	0.14002579967015905	0.14001439845143865	0.1399907300172358	0.1399036207682872
0.14225324876551815	0.1422494260700862	0.14223895788343177	0.14221722395733144	0.14213729437183711
0.14449999848541684	0.1444965572257498	0.14448713707654706	0.14446757792004156	0.14439569237081679
0.14677033915511314	0.14676732629671943	0.14675908067219637	0.1467419602433574	0.14667906751198465
0.14906440035418014	0.1490618673427464	0.1490549352361061	0.14904054310638404	0.14898768665011894
0.1513823123265622	0.15138031535633162	0.15137484932880177	0.15136350266825782	0.15132183130997282
0.1537242060055364	0.15372280629574336	0.15371897357709716	0.15371101920916408	0.15368179825868833
0.1560902130390216	0.15608947711848625	0.156087460746597	0.15608327727349317	0.15606790008919483
0.15848046581523317	0.1584804658152219	0.15848046581522063	0.1584804658151768	0.1584804658151771
