0.31696093163035305	0.31696093163035305	0.31696093163035305	0.31696093163035305	0.31696093163035305
0.3266125441347358	0.32657988051984854	0.326489929819854	0.3262919021003731	0.3254772109213584
0.33646145197570243	0.33639697897245835	0.3362195007508074	0.3358292841791679	0.3342316096500892
0.34650950538731456	0.34641400466550953	0.3461512148505665	0.3455741489421094	0.3432223527457892
0.3567585623153615	0.3566327483158414	0.356286671235947	0.35552763794835657	0.3524480430658847
0.367210488384178	0.367055013367865	0.36662749701067193	0.3656909598342453	0.3619076305780003
0.3778671566541555	0.3776826159194148	0.37717534658996105	0.37606538873848594	0.371600352923228
0.3887304462647602	0.3885173819053088	0.3879318961942818	0.3866522501842818	0.3815256760538585
0.3998022403892028	0.39956114417603933	0.39889883716088054	0.3974529070627257	0.39168330530492435
0.41108442739617884	0.4108157444132439	0.4100778797663756	0.40846876716760355	0.40207317946456883
0.4225789020650719	0.4222830351222078	0.421470757224381	0.4197012911190348	0.41269539325277677
0.43428756293910153	0.4339648743273016	0.43307921448191367	0.43115195442423876	0.4235502753880699
0.446212312525117	0.44586312858358473	0.44490501314739517	0.44282228508751803	0.4346382647086611
0.45835506333234644	0.45797967853329064	0.45694995053537474	0.4547139127952094	0.4459599013468793
0.47071772869236267	0.4703164062651416	0.4692158266188725	0.466828469497438	0.4575158363800662
0.4833022230271989	0.4828751960491351	0.48170444506101073	0.47916759096689276	0.46930684239502063
0.49611046236265066	0.49565793520668927	0.49441761486346714	0.49173291955207216	0.4813338248803425
0.5091443648603203	0.5086665150126337	0.5073571520785741	0.5045261070546967	0.49359783436863514
0.5224058513683218	0.5219028316288663	0.5205248815843234	0.5175488177282994	0.5060999850527439
0.5358968459905936	0.5353687870694916	0.5339226389215344	0.5308027313949906	0.5188414090518106
0.5496192766747547	0.5490662901972794	0.54755227219245	0.5442895466773913	0.5318233733111424
0.5635750758184367	0.562997257751241	0.5614156440200143	0.5580109843427321	0.5450471886219477
0.577766180894042	0.5771636154051827	0.5755146335671188	0.5719687907561527	0.5585142145546729
0.5921945350918504	0.5915672965628764	0.5898511386151084	0.5861647414402658	0.5722258653410471
0.6068620832213608	0.6062102166454535	0.6044270777008611	0.6006006447381348	0.5861836159932224
0.6217707570953634	0.6210943014681474	0.6192443504243862	0.6152783455768813	0.6003890086411741
0.636922499439857	0.6362214838374969	0.6343048266712157	0.6301997293292751	0.6148436590706338
0.6523192553978094	0.6515936986065259	0.6496104182192783	0.6453667257707811	0.6295492332284621
0.6679629714019871	0.6672128830641566	0.66516304106862	0.6607813131297148	0.6445073791733722
0.683855595403844	0.683080977336254	0.6809646158823639	0.6764454921364798	0.6597198501254912
0.6999990771091594	0.6991999247982547	0.6970170687216797	0.6923609864252259	0.6751884301249518
0.7163953682203916	0.7155716724993216	0.7133223318012734	0.7085296488839221	0.6909149293613397
0.7330464226857405	0.7321981715979791	0.7298823442652236	0.7249534058306509	0.7069011871375491
0.7499541969548996	0.7490813777320084	0.7466990529829568	0.7416341932019772	0.7231490749005326
0.7671206500988185	0.7662232460997416	0.7637744133651689	0.7585739577070091	0.7396604993342044
0.7845477408870167	0.7836257355840892	0.7811103890211718	0.7757746580086444	0.75643740550998
0.80223743070526	0.8012908098621392	0.7987089433283387	0.7932382659314154	0.7734817800907118
0.8201916833775416	0.8192204350417742	0.8165720487954826	0.8109667676953669	0.7907956545840513
0.838412464330623	0.8374165798986094	0.8347016846508699	0.828962165175385	0.8083811086415496
0.8569017407405789	0.8558812161187292	0.8530998359869045	0.8472264771854486	0.8262402734001963
0.875661481682882	0.8746163185471801	0.8717684942519763	0.8657617456206466	0.8443753014002523
0.8946936582860245	0.893623865442201	0.8907096577530533	0.8845700994847885	0.8627883449881015
0.9140002438886644	0.9129058387351638	0.90992533216888	0.9036535980271669	0.881481607834989
0.9335832142002838	0.9324642242962031	0.9294175310737066	0.9230142820195228	0.9004573316971524
0.9534445474653684	0.95230101220551	0.9491882764714498	0.9426542116820356	0.9197177986474054
0.9735862246310687	0.9724181970302588	0.9692395993401622	0.9625754679958687	0.9392653333593454
0.9940102295183575	0.9928177781071507	0.9895735401867543	0.9827801540369507	0.9591023054122761
1.014718548996674	1.0135017598305427	1.0101921496118458	1.003270396330546	0.9792311316161789
1.0357131731620286	1.0344721519461504	1.0310974888846605	1.0240483462262553	0.9996542783563177
1.0569960955185704	1.0557309698502808	1.0522916305278927	1.0451161812930596	1.0203742639572997
1.0785693131636154	1.0772802348945907	1.0737766589124464	1.0664761067341366	1.0413936610667258
1.1004348269761177	1.0991219963968113	1.0955546708619788	1.0881303568211698	1.0627150990588274
1.1225946431156317	1.1212583015129538	1.1176277762671567	1.1100811963479178	1.0843412664587848
1.1450507901369966	1.143691170702798	1.1399980987095872	1.1323309221029219	1.1062749133887995
1.1678052777326504	1.1664226348160671	1.162667801997931	1.1548818643612304	1.128518854037277
1.190860112493407	1.189454735793561	1.185639104467102	1.1777363883951073	1.1510759691528563
1.2142173084034202	1.2127895272750582	1.208914137133695	1.2008968960037705	1.1739493551954432
1.2378788872461957	1.2364290752177602	1.2324950496639266	1.2243658270622728	1.1971423999099002
1.261846879017818	1.2603754585252067	1.2563840205075696	1.2481456610897192	1.2206580108771878
1.286123322347371	1.2846307696866675	1.2805832583889698	1.272238918837098	1.244499201461621
1.310710264924543	1.309197115426981	1.3050950038209435	1.296648163895135	1.2686691434443162
1.33560976393441	1.3340766173667935	1.3299215306415153	1.321376004322616	1.293171173714789
1.3608238864993643	1.3592714126932217	1.3550651475734907	1.3464250942957907	1.3180088010479933
1.3863547101282248	1.384783654840911	1.3805281998068921	1.3717981357795714	1.3431857129782725
1.4122043231724803	1.4106155141834826	1.4063130706043643	1.3974978802213425	1.3687057827839528
1.4383748252896933	1.4367691787353964	1.4324221829296613	1.4235271302683568	1.3945730765987931
1.4648683279140502	1.463246854864212	1.4588580010994228	1.4498889509439268	1.4207918606692054
1.4916869547340683	1.490050768013297	1.4856230324584798	1.4765868692293718	1.4473666087789387
1.5188328421774546	1.5171831634349828	1.5127198290790225	1.5036236913820795	1.4743020098660777
1.546308139903139	1.5446463069342258	1.5401509894839829	1.5310023138107298	1.5016029758604368
1.5741150113004891	1.5724424856228039	1.5679191603951095	1.5587258049266755	1.5292746497730731
1.6022556339957092	1.6005740086841105	1.5960270385062567	1.5867974133087561	1.5573224140735298
1.630732200365463	1.6290432081486061	1.624477372282497	1.6152205760015015	1.5857518993946396
1.659546921074226	1.6578526435765264	1.6532729637857593	1.6439989269555644	1.6145689936093974
1.6887022480919862	1.687004926859117	1.682416670527793	1.6731363056213535	1.643779851329521
1.7182004850023604	1.7165023487405098	1.7119120561095345	1.7026367657090355	1.6733909038809305
1.7480438043084883	1.746347274704131	1.7417630087720415	1.7325045841305509	1.7034119457246855
1.7782344324945523	1.77654215348427	1.771972109686217	1.762744270141952	1.733855743874003
1.8087746528126787	1.8070895211874665	1.8025421211974992	1.793360574707246	1.764727026021847
1.839666808115027	1.8379920054797463	1.8334760314257266	1.824358500108061	1.7960313669994044
1.8709133037313241	1.8692523298405899	1.8647770655931686	1.8557433098268659	1.82777563494133
1.9025166103921634	1.9008733178846444	1.8964486975472665	1.8875205387352263	1.859968051672779
1.934479267198456	1.9328578977525355	1.9284946614861112	1.9196960036225934	1.8926182562985407
1.9668038846375546	1.9652091065723105	1.9609189638969469	1.9522758141055436	1.925737372547633
1.9994931476467104	1.9979300949934629	1.9937258957206627	1.9852663839623788	1.9593380805766436
2.0325498187245423	2.0310241317956175	2.0269200447578513	2.018674442943155	1.9934346941056438
2.065976741091421	2.0644946085744507	2.0605063083350776	2.0525070491112887	2.028043243956859
2.0997768418997462	2.098345044507623	2.094489906253212	2.0867718690613146	2.0631815692941187
2.133953135495223	2.1325790912039886	2.12887639404313	2.1214784944770604	2.0988694181287375
2.168508726730428	2.1672005376395957	2.16367167655787	2.1566357763619703	2.135128558974837
2.203446814332048	2.2022133151845424	2.198882021934397	2.192253264792736	2.1719829059182465
2.2387706943234016	2.2376215027250805	2.2345140759625437	2.228341612637084	2.209458659825356
2.2744837635039508	2.2734293318858687	2.2705748769035092	2.2649126291311545	2.2475844689854054
2.3105895229877342	2.3096411923577604	2.3070718708054363	2.3019793366426415	2.2863916131829822
2.347091581802819	2.3462616373370326	2.344012927369358	2.3395560311569517	2.3259142160785964
2.383993660554064	2.383295789176915	2.3814063564249435	2.3776583471201103	2.366189491890848
2.421299665835756	2.420749406892101	2.419260925082231	2.4163033273830408	2.4072580338005864
2.4590141720304364	2.4586283157289515	2.4575858756330655	2.455509499120762	2.4491641533418034
2.497141817472246	2.4969387662833467	2.496390944284126	2.495296956750332	2.491956282452842
2.5356874530473954	2.5356874530475606	2.5356874530433426	2.535687453048511	2.5356874530428275
