-0.0002102945862267891	0.0001161915890635079	-0.0001461960038293686	0.0002977456017674296	-0.0013208568088052264
-0.00021029467646593858	0.00011619159278786206	-0.00014619598700194025	0.0002977455630757131	-0.001320853646704645
-0.00021029476858513974	0.00011619159647913158	-0.0001461959701296589	0.0002977455227906045	-0.001320850422589448
-0.00021029486260193408	0.0001161916001410912	-0.00014619595319809164	0.0002977454809313107	-0.0013208471357606388
-0.00021029495853142066	0.00011619160377829285	-0.00014619593619413784	0.0002977454375179267	-0.0013208437855147803
-0.000210295056391141	0.00011619160739539947	-0.00014619591910403074	0.00029774539257110266	-0.0013208403711495453
-0.00021029515619575	0.00011619161099796216	-0.00014619590191444765	0.0002977453461099344	-0.001320836891963939
-0.00021029525796278925	0.00011619161458797933	-0.0001461958846116218	0.0002977452981565154	-0.0013208333472527478
-0.00021029536170846796	0.00011619161817233437	-0.00014619586718289668	0.0002977452487286092	-0.0013208297363165311
-0.0002102954674478852	0.00011619162175391384	-0.0001461958496140614	0.00029774519784497855	-0.0013208260584558484
-0.00021029557519880449	0.00011619162533715865	-0.00014619583189334762	0.00029774514552338704	-0.001320822312974368
-0.00021029568497654694	0.0001161916289260656	-0.0001461958140096531	0.00029774509177815656	-0.0013208184991779781
-0.00021029579679954225	0.0001161916325241874	-0.00014619579595076537	0.0002977450366229428	-0.0013208146163818935
-0.00021029591068333353	0.00011619163613441064	-0.00014619577770758063	0.0002977449800672938	-0.0013208106639026607
-0.0002102960266459064	0.00011619163975995495	-0.00014619575927099504	0.0002977449221183148	-0.0013208066410659303
-0.0002102961447043583	0.0001161916434031518	-0.00014619574063345908	0.00029774486278033585	-0.0013208025472042362
-0.00021029626487578668	0.00011619164706422325	-0.0001461957217887555	0.00029774480205246867	-0.001320798381658328
-0.00021029638717928734	0.00011619165074661097	-0.0001461957027328875	0.0002977447399293842	-0.0013207941437793913
-0.0002102965116328459	0.00011619165444931578	-0.00014619568346208034	0.0002977446764023117	-0.001320789832929492
-0.0002102966382548921	0.00011619165817189359	-0.00014619566397677808	0.0002977446114537097	-0.0013207854484849069
-0.00021029676706452172	0.00011619166191512154	-0.00014619564427764686	0.000297744545063261	-0.0013207809898316825
-0.00021029689807927632	0.00011619166567966577	-0.00014619562435447264	0.00029774447724773	-0.0013207764563700763
-0.0002102970313151431	0.00011619166947329784	-0.0001461956041932666	0.00029774440802787794	-0.0013207718473779995
-0.0002102971667892195	0.00011619167329535163	-0.0001461955837882556	0.0002977443373960442	-0.0013207671621664474
-0.00021029730452015727	0.00011619167714715939	-0.00014619556313633097	0.00029774426534712184	-0.0013207624000917129
-0.0002102974445268302	0.00011619168102983135	-0.00014619554223282982	0.00029774419187655887	-0.0013207575605107547
-0.00021029758682589161	0.00011619168494469978	-0.00014619552107353329	0.0002977441169773609	-0.0013207526427818639
-0.00021029773143621533	0.00011619168889176468	-0.0001461954996551107	0.00029774404064442095	-0.001320747646264664
-0.00021029787837623104	0.00011619169287335751	-0.0001461954779728991	0.00029774396287074456	-0.0013207425703176678
-0.00021029802766303618	0.00011619169688970032	-0.00014619545602312378	0.00029774388364978144	-0.001320737414300055
-0.00021029817931639272	0.00011619170094145925	-0.00014619543380200994	0.0002977438029755364	-0.001320732177572781
-0.00021029833335228787	0.00011619170502996656	-0.00014619541130689306	0.0002977437208382394	-0.0013207268594981336
-0.00021029848979070564	0.0001161917091554443	-0.00014619538853377634	0.0002977436372317843	-0.0013207214594379568
-0.00021029864864940961	0.00011619171331889167	-0.00014619536547910705	0.00029774355214640114	-0.0013207159767560928
-0.0002102988099474956	0.00011619171752086377	-0.00014619534214110885	0.00029774346557365217	-0.0013207104108197143
-0.00021029897370228312	0.00011619172176025039	-0.00014619531851645107	0.0002977433775019911	-0.0013207047609964384
-0.00021029913993264593	0.00011619172603916095	-0.00014619529460402347	0.00029774328792020466	-0.0013206990266556584
-0.00021029930865701374	0.00011619173035803954	-0.00014619527040027336	0.00029774319681674655	-0.001320693207168766
-0.00021029947989426034	0.00011619173471599797	-0.00014619524590497868	0.0002977431041789602	-0.0013206873019080412
-0.0002102996536625934	0.00011619173911292524	-0.00014619522111680716	0.00029774300999130254	-0.001320681310251981
-0.00021029982998155283	0.00011619174354859929	-0.00014619519603531472	0.0002977429142376753	-0.0013206752315795267
-0.00021030000886956834	0.00011619174802224297	-0.00014619517066005727	0.00029774281690264637	-0.0013206690652705078
-0.00021030019034551373	0.0001161917525339673	-0.000146195144991923	0.00029774271796678686	-0.0013206628107125251
-0.00021030037442826277	0.00011619175708244	-0.00014619511903091187	0.0002977426174098907	-0.0013206564672925136
-0.00021030056113757745	0.00011619176166677292	-0.00014619509277924436	0.0002977425152114188	-0.0013206500344005168
-0.00021030075049299768	0.00011619176628407946	-0.0001461950662435818	0.00029774241132851653	-0.0013206435114443416
-0.00021030094251783815	0.00011619177092658806	-0.00014619503944168777	0.0002977423057016759	-0.001320636897941041
-0.00021030113723030652	0.00011619177559463179	-0.0001461950123733402	0.00029774219832123805	-0.0013206301933033071
-0.00021030133464861045	0.00011619178028976496	-0.00014619498503387618	0.0002977420891782101	-0.0013206233968883208
-0.00021030153479140168	0.00011619178501132144	-0.00014619495742063116	0.00029774197826504256	-0.001320616508054595
-0.00021030173767622173	0.00011619178976085554	-0.00014619492953160673	0.0002977418655677466	-0.0013206095261708573
-0.0002103019433239428	0.00011619179453747908	-0.00014619490136502655	0.00029774175107366574	-0.0013206024506069447
-0.00021030215175077416	0.00011619179934119206	-0.0001461948729213347	0.00029774163476403714	-0.0013205952807422427
-0.00021030236297736593	0.00011619180417088426	-0.0001461948442005312	0.0002977415166207642	-0.0013205880159568029
-0.00021030257702192579	0.0001161918090256675	-0.00014619481520417033	0.0002977413966223086	-0.0013205806556424449
-0.00021030279390488182	0.00011619181390376543	-0.00014619478593447255	0.0002977412747429131	-0.0013205731991960956
-0.00021030301364421966	0.00011619181880406781	-0.0001461947563961008	0.00029774115095348996	-0.0013205656460226756
-0.00021030323626125558	0.00011619182372357706	-0.00014619472659371802	0.000297741025223619	-0.0013205579955348767
-0.00021030346177530745	0.00011619182865918454	-0.00014619469653309736	0.0002977408975182172	-0.0013205502471524966
-0.00021030369020746953	0.00011619183360855878	-0.00014619466622267652	0.00029774076779842673	-0.0013205424003051025
-0.00021030392157772582	0.00011619183856670379	-0.00014619463567111524	0.00029774063602017176	-0.0013205344544344744
-0.00021030415590761464	0.00011619184352917866	-0.0001461946048892937	0.0002977405021392654	-0.0013205264089859448
-0.00021030439321823025	0.00011619184849132047	-0.0001461945738896464	0.0002977403661020839	-0.0013205182634212775
-0.000210304633531333	0.00011619185344802219	-0.00014619454268505194	0.00029774022785356014	-0.0013205100172100082
-0.00021030487686846122	0.0001161918583927335	-0.00014619451129171956	0.00029774008733485235	-0.0013205016698329963
-0.00021030512325204143	0.0001161918633180159	-0.0001461944797267467	0.0002977399444801243	-0.0013204932207842024
-0.00021030537270450012	0.00011619186821609784	-0.00014619444801033943	0.0002977397992157682	-0.0013204846695709094
-0.00021030562524959606	0.00011619187307954082	-0.0001461944161622597	0.00029773965147006365	-0.001320476015708838
-0.000210305880910866	0.00011619187789924101	-0.00014619438420737652	0.0002977395011606321	-0.0013204672587323607
-0.00021030613971140255	0.00011619188266387415	-0.0001461943521696707	0.00029773934819898873	-0.0013204583981865081
-0.00021030640167585268	0.00011619188736455843	-0.00014619432007800803	0.00029773919249287406	-0.0013204494336340744
-0.0002103066668290854	0.00011619189198819324	-0.00014619428796192047	0.00029773903394070267	-0.0013204403646502882
-0.0002103069351961917	0.00011619189652312123	-0.0001461942558542706	0.00029773887243833563	-0.0013204311908268096
-0.00021030720680359494	0.00011619190095635279	-0.00014619422378858715	0.0002977387078729743	-0.0013204219117710636
-0.0002103074816772743	0.0001161919052723448	-0.00014619419180395	0.0002977385401244925	-0.001320412527108683
-0.00021030775984365313	0.00011619190945622027	-0.000146194159939661	0.0002977383690644375	-0.0013204030364837305
-0.00021030804133026493	0.00011619191349265812	-0.0001461941282385748	0.0002977381945601376	-0.0013203934395562555
-0.00021030832616530937	0.00011619191736245149	-0.00014619409674687667	0.00029773801646693077	-0.0013203837360056259
-0.00021030861437765225	0.00011619192104983522	-0.00014619406551275027	0.0002977378346352699	-0.0013203739255323033
-0.0002103089059948271	0.00011619192453260485	-0.00014619403458815405	0.00029773764890816956	-0.0013203640078547352
-0.0002103092010485863	0.00011619192779166454	-0.00014619400402837712	0.0002977374591146553	-0.0013203539827133515
-0.0002103094995675736	0.0001161919308036996	-0.0001461939738918172	0.00029773726508219855	-0.0013203438498696762
-0.00021030980158442958	0.00011619193354750479	-0.00014619394423798227	0.0002977370666232826	-0.0013203336091067719
-0.00021031010712890819	0.00011619193599698985	-0.00014619391513481794	0.0002977368635426192	-0.0013203232602325699
-0.0002103104162376468	0.00011619193811462925	-0.00014619388667247435	0.00029773665549615025	-0.0013203128030749856
-0.00021031072895527636	0.00011619193985479281	-0.00014619385898329007	0.00029773644217112594	-0.001320302237603821
-0.0002103110453206547	0.00011619194118317466	-0.00014619383215852544	0.00029773622330575567	-0.0013202915641348234
-0.00021031136537197348	0.0001161919420614721	-0.00014619380630032097	0.0002977359985948391	-0.001320280782712402
-0.00021031168915164322	0.00011619194244461006	-0.0001461937815288028	0.00029773576768898913	-0.0013202698934469126
-0.00021031201670451694	0.00011619194228185137	-0.00014619375797897405	0.0002977355301926332	-0.001320258896559956
-0.0002103123480807767	0.00011619194151624157	-0.00014619373580493367	0.00029773528566201524	-0.0013202477923901501
-0.00021031268333282505	0.00011619194008261058	-0.00014619371518032054	0.00029773503360097653	-0.0013202365813931305
-0.00021031302251617312	0.00011619193790968207	-0.00014619369629609302	0.00029773477346173305	-0.0013202252641530965
-0.0002103133656914391	0.00011619193491940738	-0.00014619367936363759	0.00029773450464309903	-0.0013202138413808129
-0.0002103137129243482	0.00011619193102485603	-0.00014619366461698924	0.0002977342264842697	-0.0013202023139229357
-0.0002103140642821799	0.00011619192613121498	-0.00014619365230927883	0.000297733938267819	-0.0013201906827706722
-0.0002103144198393192	0.0001161919201362327	-0.00014619364271784008	0.00029773363921237195	-0.0013201789490564497
-0.00021031477967325962	0.00011619191292844278	-0.00014619363614309933	0.0002977333284756023	-0.0013201671140647964
-0.00021031514386615768	0.00011619190438738602	-0.00014619363290946374	0.00029773300514879253	-0.001320155179239002
-0.0002103155125061651	0.0001161918943843876	-0.00014619363336465518	0.00029773266825283695	-0.0013201431461848934
