-0.0002490561604575614	5.84444075535373e-5	-0.0002455313239919654	0.00011928344592004869	-0.00170226517854144
-0.0002489959272804487	5.860237491761566e-5	-0.0002451019782210295	0.00012045361764956297	-0.0016987130761445535
-0.0002489382717802968	5.8756378757296446e-5	-0.0002446833821074801	0.00012159354712104609	-0.0016952139719603743
-0.00024888302200443135	5.890675271436052e-5	-0.0002442746271644758	0.0001227057576752566	-0.0016917618419005631
-0.00024883001473274824	5.9053813806331235e-5	-0.00024387485047383528	0.00012379264324957617	-0.0016883509804290764
-0.0002487790982814708	5.91978571646834e-5	-0.00024348324885758998	0.00012485642959703114	-0.0016849760889672272
-0.00024873013540749334	5.9339150562220944e-5	-0.00024309909360487048	0.00012589913391936047	-0.00168163236313279
-0.00024868299835301144	5.947794440763765e-5	-0.0002427217040505969	0.0001269226432908388	-0.0016783152345560826
-0.00024863756822979255	5.96144713967961e-5	-0.00024235044679477014	0.0001279287050333089	-0.0016750205865843082
-0.00024859373959329467	5.974893969118433e-5	-0.00024198475612791093	0.00012891888468546941	-0.001671744605121539
-0.0002485514101369102	5.988155144642793e-5	-0.00024162408277361713	0.00012989470063462516	-0.0016684836060256725
-0.00024851048199892034	6.0012500278650016e-5	-0.00024126790064382675	0.0001308576051309851	-0.0016652340806424526
-0.0002484708631955712	6.014196856785059e-5	-0.00024091571411677393	0.00013180896424125343	-0.0016619927430998604
-0.0002484324690987805	6.027012465159576e-5	-0.00024056706557873397	0.00013275003704438237	-0.001658756579390186
-0.00024839522397535063	6.0397119933219834e-5	-0.00024022154323199985	0.0001336819541064571	-0.0016555228981978143
-0.0002483590625668164	6.0523085883446015e-5	-0.00023987878916531535	0.00013460569520717947	-0.0016522893663810656
-0.00024832392714491114	6.064814152118014e-5	-0.0002395384814755097	0.00013552215401380074	-0.0016490535066078227
-0.0002482897519564542	6.0772419540833233e-5	-0.00023920025941159828	0.00013643231821569568	-0.0016458131200935977
-0.00024825648584414495	6.089602476544442e-5	-0.00023886383747195872	0.0001373369665275126	-0.0016425662534973462
-0.00024822408083302605	6.101905692224019e-5	-0.00023852894507614408	0.00013823684211955456	-0.001639311015013467
-0.0002481924908876998	6.114161198511603e-5	-0.00023819532175606284	0.00013913265915410644	-0.0016360455946224928
-0.0002481616725218405	6.126378102377927e-5	-0.0002378627202790362	0.00014002509414645647	-0.001632768285029007
-0.0002481315854332422	6.138564900071142e-5	-0.0002375309098716638	0.00014091477702837807	-0.001629477503304777
-0.00024810219315329896	6.150729353815443e-5	-0.00023719967955004861	0.0001418022819232867	-0.0016261718132228875
-0.00024807346371957806	6.162878363957791e-5	-0.00023686884155416088	0.0001426881176326278	-0.0016228499482764391
-0.0002480453703717078	6.175017838072616e-5	-0.000236538234886563	0.00014357271784637415	-0.0016195108353780352
-0.00024801789226169824	6.187152555403586e-5	-0.00023620772895149855	0.0001444564310459917	-0.001616153619249383
-0.0002479910150647857	6.1992860981408e-5	-0.00023587722597873118	0.00014533951876760653	-0.0016127773855929561
-0.00024796471877719384	6.21142335158753e-5	-0.00023554659527280641	0.00014622234840833137	-0.001609381153883982
-0.00024793898658881375	6.22356819383052e-5	-0.0002352157293179502	0.00014710519393623667	-0.0016059642801879992
-0.0002479138096573852	6.235723211756028e-5	-0.00023488455768738703	0.00014798824250306097	-0.001602526175575214
-0.0002478891808421757	6.247890668364953e-5	-0.0002345530186924627	0.00014887165670329772	-0.0015990663143343742
-0.0002478650949790939	6.260072449626453e-5	-0.00023422106079928895	0.00014975557064533795	-0.0015955842434709488
-0.00024784154917201207	6.272270010643233e-5	-0.00023388864409135124	0.00015064008591159084	-0.001592079592469764
-0.0002478185430827562	6.284484319896144e-5	-0.00023355574176719962	0.00015152526740702665	-0.001588552083320316
-0.000247796079233753	6.296715801812347e-5	-0.00023322234168432487	0.00015241113908914805	-0.0015850015408123141
-0.00024777416331933644	6.308964278178841e-5	-0.00023288844793745156	0.00015329767959937346	-0.001581427903080579
-0.00024775280452393744	6.321228907990584e-5	-0.00023255408248257226	0.00015418481777618176	-0.0015778312324112864
-0.00024773201584715743	6.333508125533349e-5	-0.00023221928680006165	0.00015507242805690158	-0.0015742117263219946
-0.0002477118144379453	6.345799577300859e-5	-0.00023188412359531618	0.000155960325772031	-0.001570569728877702
-0.00024769222193832263	6.358100056902405e-5	-0.0002315486785444687	0.00015684826233219873	-0.0015669057427016853
-0.0002476732648322155	6.370405439137805e-5	-0.00023121306207429804	0.0001577359203002171	-0.0015632203915065812
-0.0002476549761667446	6.382710331387376e-5	-0.00023087741861016475	0.0001586228880641194	-0.0015595142493398662
-0.0002476373909601204	6.395009397242024e-5	-0.00023054189567384142	0.00015950877636872196	-0.001555787978901213
-0.00024762054002103184	6.407297730659511e-5	-0.0002302066249364465	0.00016039320981997562	-0.0015520423831141272
-0.00024760445868188263	6.419569526505686e-5	-0.00022987176197619696	0.0001612757454938496	-0.0015482784144671413
-0.00024758918746470293	6.431818007690548e-5	-0.00022953748867959867	0.00016215586839118945	-0.0015444971845548494
-0.0002475747724139943	6.444035363140088e-5	-0.00022920401491743903	0.00016303298688558066	-0.0015406999737943572
-0.0002475612654351256	6.456212684369245e-5	-0.00022887158025897136	0.00016390642807317946	-0.0015368882413402396
-0.000247548724642499	6.468339901055664e-5	-0.00022854045571540915	0.0001647754330422746	-0.0015330636351722493
-0.0002475372147123789	6.480405714714976e-5	-0.000228210945522056	0.00016563915203704482	-0.0015292280023782023
-0.0002475268072414938	6.492397532253946e-5	-0.0002278833889512999	0.00016649663955403682	-0.0015253833996113908
-0.00024751758111740685	6.504301396759171e-5	-0.00022755816216246672	0.00016734684932240285	-0.0015215321037358454
-0.0002475096228866658	6.516101918663253e-5	-0.00022723568008142792	0.00016818862922030053	-0.0015176766226490113
-0.00024750302714271477	6.527782203946675e-5	-0.00022691639831773358	0.0001690207160829349	-0.0015138197062893877
-0.0002474978969091435	6.539323782461803e-5	-0.00022660081511416408	0.0001698417304316635	-0.0015099643578173616
-0.0002474943440322619	6.55070653436951e-5	-0.0002262894733287002	0.00017065017111150826	-0.001506113844984558
-0.0002474924895896624	6.561908615076995e-5	-0.00022598296245113225	0.0001714444098441792	-0.0015022717116643935
-0.000247492464289234	6.572906379742616e-5	-0.0002256819206545302	0.0001722226856838427	-0.0014984417895858027
-0.0002474944088910469	6.58367430539375e-5	-0.0002253870368791322	0.00017298309939794976	-0.001494628210212845
-0.0002474984746259068	6.594184912922518e-5	-0.00022509905294532118	0.00017372360774792206	-0.0014908359196386112
-0.0002475048236239008	6.604408686949892e-5	-0.00022481876571078807	0.00017444201769012402	-0.001487072625453667
-0.00024751362935160337	6.61431314882277e-5	-0.00022454703552154953	0.000175135778434643	-0.001483342814626365
-0.00024752516590598184	6.623841675790221e-5	-0.00022428534844221026	0.00017580062127664497	-0.0014796509699697147
-0.00024753969924740105	6.632955858432155e-5	-0.0002240348415403215	0.0001764340628814809	-0.0014760023645616904
-0.0002475573904330286	6.641625398329243e-5	-0.00022379632053448617	0.00017703381005163	-0.0014724031027271156
-0.00024757843123479617	6.64981423565969e-5	-0.00022357074754264517	0.00017759714533516213	-0.0014688601616819064
-0.00024760304607518435	6.657480242788782e-5	-0.0002233592494129688	0.000178120904760104	-0.0014653814338370097
-0.0002476314937247537	6.664574911940946e-5	-0.0002231631261990774	0.00017860145521941817	-0.0014619757697473812
-0.00024766406902765326	6.671043037942415e-5	-0.00022298385977781443	0.0001790346714776181	-0.0014586530217108873
-0.00024770110465444084	6.676822395645932e-5	-0.00022282312260557546	0.0001794159128112316	-0.0014554240880380043
-0.00024774297288754354	6.681843412059685e-5	-0.0002226827866143033	0.00017973999928921902	-0.001452300957956787
-0.00024779008743136544	6.68602883303615e-5	-0.00022256493225736307	0.0001800011876766927	-0.0014492967571977378
-0.00024784290525281527	6.689293384964934e-5	-0.00022247185768509148	0.0001801931469759266	-0.001446425794230155
-0.00024790192845580705	6.691543431303071e-5	-0.00022240608807089224	0.0001803089335919994	-0.0014437036071779374
-0.00024796770617463437	6.692676623187843e-5	-0.0002223703850761094	0.00018034096613450679	-0.0014411470113961933
-0.0002480408365028719	6.692581545386656e-5	-0.00022236775645789741	0.00018028099983535828	-0.001438774147750177
-0.00024812196845469536	6.691137356651389e-5	-0.000222401465820532	0.00018012010059575978	-0.0014366045315701292
-0.00024821180394640763	6.688213424999034e-5	-0.00022247504250838546	0.00017984861865694146	-0.0014346591023108868
-0.00024831109981282573	6.683668957230271e-5	-0.00022259229164434124	0.00017945616187897695	-0.0014329602739286962
-0.00024842066985208966	6.677352623596366e-5	-0.00022275730431631224	0.00017893156864412507	-0.0014315319859725673
-0.00024854138689911487	6.669102176737329e-5	-0.00022297446790009445	0.00017826288036271176	-0.0014303997554196979
-0.0002486741849279106	6.658744065635158e-5	-0.00022324847654253688	0.0001774373135824403	-0.001429595402845818
-0.00024882006118653877	6.646093043449763e-5	-0.00022358434178038067	0.00017644123170668102	-0.0014291619893644913
-0.00024898007835427727	6.630951771091631e-5	-0.0002239874033116429	0.0001752600212302502	-0.001429128449166539
-0.00024915549240400736	6.613057501980713e-5	-0.0002244644089157699	0.00017387281947567335	-0.001429527605407932
-0.00024934794065334387	6.592128287252752e-5	-0.000225023322111495	0.00017226048754470646	-0.0014303980459220433
-0.00024955876333176974	6.567918446742649e-5	-0.00022567078753010783	0.0001704047466919434	-0.001431784386969115
-0.00024978946972176175	6.54014244751977e-5	-0.0002264144782710975	0.00016828436426641336	-0.001433737541395974
-0.00025004179326626463	6.508472918043129e-5	-0.0002272632012927378	0.0001658750209111437	-0.0014363149913718676
-0.0002503177014854252	6.472538805391004e-5	-0.0002282269473390386	0.00016314917558934994	-0.0014395810658993646
-0.0002506194060538647	6.431923504379711e-5	-0.00022931694165762018	0.00016007592838540585	-0.001443607223307053
-0.0002509493730264989	6.386162957738861e-5	-0.00023054569551650417	0.0001566208810055425	-0.0014484723390097987
-0.0002513103332204558	6.334743727287595e-5	-0.00023192705853625206	0.00015274599490611163	-0.0014542629988090194
-0.00025170529275131415	6.277101035845334e-5	-0.00023347627186365294	0.0001484094469438313	-0.0014610737980871313
-0.0002521375437249951	6.212616779543989e-5	-0.00023521002218940268	0.00014356548247262957	-0.0014690076472576585
-0.0002526106750935231	6.14061750897621e-5	-0.00023714649665707022	0.00013816426573809437	-0.001478176083911542
-0.0002531285836682162	6.060372380389811e-5	-0.00023930543866823584	0.00013215172746605663	-0.001488699592092635
-0.0002536954852929707	5.9710910752075463e-5	-0.00024170820462510179	0.00012546940949464958	-0.0015007079292468362
-0.00025431592619207244	5.871921686617654e-5	-0.00024437782163633237	0.00011805430629163727	-0.0015143404613844336
