-3.6301900850431883	-3.6298722171160973	-3.634354531623001	-3.6403119140106472	-3.6648598670563484
-3.493502023659536	-3.4935024166854927	-3.4985406764123788	-3.5054597558258562	-3.5310042805938
-3.3620888351560723	-3.362362709309652	-3.367861558264874	-3.3755774227894184	-3.401874071548497
-3.2357036829861094	-3.2362119361763355	-3.2420886503292135	-3.2504583132856526	-3.2772970909646792
-3.1141129035594766	-3.1148213777521905	-3.1210042094663777	-3.129903731776963	-3.157104493640352
-2.9970952529461807	-2.9979740977151326	-3.0044008384492322	-3.013722833742295	-3.0411313222727454
-2.8844411958685443	-2.885464314055659	-2.8920810472796186	-2.9017325114324954	-2.9292168712372546
-2.7759522514712764	-2.7770968254608874	-2.7838568564624815	-2.7937573119560146	-2.8212051711984465
-2.6714403757744054	-2.6726864602204534	-2.6795494013969217	-2.68962930333657	-2.7169452109191954
-2.5707273437328064	-2.572057504557644	-2.578988465822383	-2.589187792630378	-2.61629095736403
-2.4736441717121025	-2.475043166331988	-2.482012039087346	-2.4922790478036374	-2.5191013544708474
-2.3800306164022587	-2.3814851278392215	-2.3884659856362536	-2.398756184127797	-2.4252406107671574
-2.289734661188154	-2.2912330537243557	-2.298203618453824	-2.3084788115588175	-2.3345777689050435
-2.2026120088011694	-2.204144110295711	-2.2110852399579355	-2.221312658245572	-2.246986879878936
-2.118525714097049	-2.1200826462614613	-2.1269779614079254	-2.1371296120974397	-2.1623470709937633
-2.0373457574463187	-2.0389197840325353	-2.0457553357593765	-2.0558074243149203	-2.080542369872275
-1.9589486448806457	-1.9605330360725195	-1.9672970097849176	-1.9772294245132969	-2.0014615302551277
-1.883217034130324	-1.8848059454710935	-1.8914883967400362	-1.9012842499174027	-1.924997860263137
-1.8100393846992389	-1.811627749060635	-1.8182203682732703	-1.8278655879894146	-1.8510490536706223
-1.7393096302686608	-1.7408930615219496	-1.7473889643664977	-1.7568719318688126	-1.7795170246343077
-1.6709268718540566	-1.672501579041484	-1.6788951201713673	-1.6882063480223444	-1.7103077462321812
-1.6047950902607422	-1.6063578011894446	-1.6126444086832459	-1.6217762555220148	-1.6433310930888019
-1.540822876495548	-1.5423707697864621	-1.5485467982637062	-1.5574932163895432	-1.578500715348814
-1.4789231797425924	-1.4804538284084803	-1.4865164240880833	-1.4952727364672174	-1.5157342423512583
-1.419013138714989	-1.4205244934346073	-1.4264714018593807	-1.4350340762963416	-1.4549527198401475
-1.3610138061653236	-1.3625041290456887	-1.3683337902540966	-1.3767002272677766	-1.396080511186073
-1.3048499089522254	-1.30631773838092	-1.3120291425618609	-1.3201978145828188	-1.3390452270603532
-1.2504496798334293	-1.251893798066959	-1.2574863928496138	-1.2654565559298345	-1.2837775756695495
-1.1977446695691198	-1.1991640736092624	-1.2046377050193477	-1.2124092931110968	-1.2302112202153537
-1.1466695703962442	-1.1480634458396097	-1.1534183054265674	-1.1609918397919596	-1.178282643234104
-1.0971620501081385	-1.098529747684391	-1.1037663252264074	-1.1111428335971234	-1.1279310174843622
-1.049162596030512	-1.0505036105719192	-1.055622651822334	-1.0628035963661953	-1.0790980830652397
-1.0026143682369182	-1.003928319846477	-1.008930788836203	-1.015918002077032	-1.031728035052835
-0.957463061394854	-0.9587496786056844	-0.9636367240590462	-0.9704323519771256	-0.9857674670109227
-0.9136567798903485	-0.9149158898882921	-0.9196888050516361	-0.9262952564930667	-0.9411651895954161
-0.871145917317836	-0.8723774305310927	-0.8770376372084723	-0.8834575256330672	-0.8978721528027998
-0.8298830307218559	-0.8310869297406069	-0.8356359616159665	-0.8418720851222194	-0.8558413619035321
-0.7898227386164551	-0.7909990690616249	-0.795438545501375	-0.8014938530493432	-0.8150277812018174
-0.7509216177300255	-0.7520704799172855	-0.7564020899439816	-0.7622796494923252	-0.7753882427661583
-0.713138105481619	-0.71425964693278	-0.7184851349784735	-0.7241881091641307	-0.7368813598513566
-0.67643240795497	-0.6775268166790225	-0.6816479699500895	-0.6871795946197679	-0.6994674447495104
-0.6407664130246398	-0.6418339114977387	-0.6458525487984508	-0.6512161141179078	-0.6631084308232869
-0.6061036083126901	-0.6071444480927666	-0.6110624099688027	-0.6162612438610071	-0.627767798489401
-0.5724090036763549	-0.5734234605938335	-0.5772426006696065	-0.582280054355669	-0.5934105049341576
-0.5396490579476583	-0.5406374278190458	-0.5443596052142545	-0.5492390406516476	-0.560002917355781
-0.5077916096649036	-0.5087542044807729	-0.5123812772020038	-0.5171060562334018	-0.5275127495404381
-0.47680581155342905	-0.4777429560966864	-0.48127677530938606	-0.4858502503525155	-0.495909001590213
-0.44666206852931034	-0.44757409738358067	-0.4510165024783379	-0.4554420086027009	-0.4651619026319551
-0.4173319790147272	-0.4182192339262931	-0.4215720483012093	-0.4258528965516637	-0.43524285458026846
-0.3887882793677091	-0.3896511069276938	-0.3929161344157237	-0.39705560625568426	-0.4061240162021271
-0.361004791241867	-0.36184354085835513	-0.3650225627349708	-0.3690239054936624	-0.37777890434447303
-0.33395636811852736	-0.3347713797910441	-0.33786616634870925	-0.3417325895674965	-0.35018238096144283
-0.3076188307956331	-0.30841044406147766	-0.3114227629426627	-0.31515743552511055	-0.3233102363512168
-0.2819689797850835	-0.2827375443204627	-0.285669073975787	-0.289275158671225	-0.2971391538274599
-0.2569845200523977	-0.2577303864747891	-0.26058274275807003	-0.26406335534178926	-0.27164667573102674
-0.23264401199231943	-0.23336752943286454	-0.23614231914476047	-0.2395004261772229	-0.24681117073633274
-0.20892683370310916	-0.20962834773286354	-0.21232716231027515	-0.215565700628356	-0.22261180240746437
-0.18581314513928993	-0.1864929960149324	-0.18911740619531803	-0.19223929277915852	-0.19902849896016028
-0.16328385403875645	-0.16394237523636157	-0.16649392664742657	-0.16950205114506223	-0.17604192418672304
-0.1413205835265161	-0.1419581005348336	-0.14443831011694508	-0.1473355289826903	-0.15363344950200486
-0.11990564130323644	-0.1205224706503778	-0.12293282382735526	-0.12572195590453483	-0.13178512706973522
-0.09902199033231551	-0.0996184388221415	-0.10196038734345914	-0.10464421073728158	-0.11047966396961728
-0.07865322094436866	-0.0792295850808975	-0.08150454546523545	-0.08408579556539775	-0.0897003973667374
-0.05878352428283162	-0.05934008986299544	-0.061549442379264185	-0.0640308109046055	-0.06943127064612842
-0.03939766701891889	-0.0399347088757005	-0.04207979700341036	-0.04446393195249554	-0.049656810476431223
-0.0204809672683941	-0.0209987491480097	-0.023080879464056014	-0.025370385866201106	-0.030362104767874598
-0.0020192716465627925	-0.002518046204823321	-0.004538488648522243	-0.006735930019494685	-0.011532781490972033
0.016001066598399394	0.015521057694069085	0.013561069221488697	0.011453168805949487	0.006845011676463453
0.03359320843020097	0.03313173430539762	0.031231001046659435	0.029210154338196292	0.024784626905199558
0.05076984890044156	0.05032668919623884	0.048484046385406265	0.04654779988248292	0.042298935003382776
0.06754323610599722	0.06711818062937702	0.06533249611359082	0.06347842657735903	0.05940034346715661
0.08392518927505888	0.08351803758654053	0.08178821025188354	0.08001392087652148	0.07610081382082479
0.09992711602641813	0.09953767697323135	0.097862635001708	0.09616575129148541	0.09241187827320207
0.11556007922842437	0.11518819974853245	0.11356681902851995	0.11194498442853218	0.10834465571567475
0.13083481043783407	0.13048035750825449	0.12891157327074798	0.1273623003517208	0.12390986708645335
0.14576152638556794	0.14542435644558016	0.14390738442608197	0.14242814543277604	0.1391178501244268
0.1603501093406613	0.16003007798976543	0.15856406643845466	0.15715287967776514	0.1539785735350091
0.1746101268515099	0.1743070943818501	0.1728911388314459	0.17154590464802077	0.16850165058939282
0.1885508423021458	0.18826467832691052	0.18689784180068014	0.18561631482249874	0.1826963521776126
0.2021812251054632	0.20191181236500377	0.2005931423161582	0.19937296312788744	0.19657161933489276
0.21550996054510874	0.2152571979660024	0.21398574024186756	0.21282446028487745	0.21013629481181506
0.22854545927749248	0.22830926435373244	0.2270840744546958	0.22597917478751806	0.2233988483987167
0.24129586650511603	0.24107617706503115	0.23989632894658552	0.2388452334464487	0.23636717149313302
0.2537690708320959	0.253565846249463	0.2524304388955717	0.251430522431762	0.24904893777649884
0.2659727128125525	0.26578593471560186	0.2646940966929435	0.2637426887558638	0.2614515953297867
0.27791419320218014	0.27774386572979093	0.27669475791514275	0.2757891421407823	0.27358235915003914
0.28960068092306956	0.2894468305734008	0.288439647230325	0.2875770572181475	0.2854482048472029
0.3010391207515625	0.3009017958645944	0.2999357642306518	0.29911337601342103	0.29705586337272905
0.31223624073863276	0.3121155106506296	0.3111898891824354	0.3104048106689842	0.3084118166360954
0.3231985593719977	0.32309451327668404	0.32220858868715585	0.3214578463633163	0.3195222938690445
0.33393239248890405	0.33384513803716964	0.33299822124726597	0.3322787443858993	0.33039326859995266
0.34444385994823934	0.3443735216154402	0.3435649427313827	0.342873545329451	0.34103045610212
0.35473889207034826	0.3546856093177275	0.35391471173417055	0.35324807236285094	0.3514393111799371
0.36482323585268783	0.36478716110705267	0.3640532948267765	0.36340793454947384	0.3616250261556011
0.3747024609691515	0.37468375744278715	0.3739862716942026	0.3733585301767869	0.37159252891620254
0.38438199165675146	0.3843808582206669	0.383719040156436	0.3831050500638037	0.38134648087626855
0.39386719414003957	0.39388387004950465	0.39325682107053117	0.39265248081343695	0.39089127470401697
0.40316323491772454	0.4031979821323042	0.40260474971815097	0.4020056079768968	0.4002310316501474
0.41227513752582945	0.4123282473275587	0.4117679801565567	0.41116901909699577	0.4093695983055601
0.4212077934124635	0.4212795869082141	0.4207514017967239	0.4201471112019367	0.418310542598221
