13.304296295839714	8.932932679737995	1.8707050547743753	-5.235048503518541	-9.525176998056876
13.304423655402555	8.933127541184056	1.8711032193130173	-5.234258008052029	-9.523919633851193
13.304553587113608	8.93332633737505	1.8715094199267157	-5.23345156927052	-9.522636916256209
13.304686116578514	8.933529107369344	1.8719237357471297	-5.232629032708161	-9.521328613761286
13.304821269399321	8.93373589021696	1.8723462458739162	-5.231790243990861	-9.519994494559795
13.304959071179077	8.933946724970847	1.8727770294204216	-5.230935048655938	-9.518634325838864
13.305099547523566	8.934161650690001	1.873216165527654	-5.230063292107315	-9.517247874510298
13.305242724033988	8.93438070642333	1.8736637332948378	-5.229174819884924	-9.51583490668478
13.305388626316324	8.934603931230555	1.8741198118678852	-5.228269477326716	-9.514395188400828
13.305537279970741	8.934831364156786	1.8745844803337255	-5.227347109990064	-9.512928486198614
13.305688710592673	8.935063044235983	1.875057817733342	-5.2264075635947655	-9.511434566692733
13.30584294377531	8.935299010497166	1.875539903087011	-5.225450683922245	-9.509913196124447
13.306000005112208	8.935539301970866	1.8760308154204854	-5.224476316710817	-9.508364139894042
13.306159920199956	8.935783957695755	1.876530633792115	-5.223484307547066	-9.506787163357046
13.306322714637878	8.936033016713317	1.8770394372776997	-5.222474501959283	-9.505182033024989
13.306488414010808	8.936286518031674	1.8775573048109546	-5.221446746014231	-9.5035485139143
13.306657043911745	8.936544500681032	1.8780843154140188	-5.220400885404248	-9.501886371813537
13.306828629930566	8.936807003680574	1.8786205480675389	-5.219336765993336	-9.50019537316866
13.307003197651767	8.93707406603653	1.8791660816980265	-5.218254233847486	-9.498475284872073
13.307180772655588	8.93734572674496	1.8797209951892841	-5.2171531351885765	-9.496725874043696
13.307361380519183	8.937622024794674	1.8802853673942266	-5.216033316346668	-9.494946907804184
13.307545046817815	8.937902999170236	1.8808592771470907	-5.214894623710695	-9.493138153040547
13.307731797126102	8.938188688855044	1.8814428032760397	-5.213736903677577	-9.491299376164312
13.307921657019303	8.93847913283453	1.8820360246161556	-5.21256000259977	-9.489430342866308
13.308114652074622	8.938774370099447	1.8826390200228207	-5.2113637667312345	-9.487530820564656
13.308310807869447	8.939074439635558	1.883251868336848	-5.210148042424049	-9.485600577515084
13.308510149963796	8.939379380388258	1.8838746482283921	-5.2089126766630995	-9.483639380920287
13.308712703924888	8.939689231324225	1.8845074384513159	-5.207657516071005	-9.481646998476366
13.308918495318618	8.940004031403287	1.8851503177338715	-5.206382407383955	-9.479623198274712
13.309127549707128	8.940323819576165	1.8858033647658992	-5.205087197477323	-9.477567748701045
13.309339892649357	8.940648634785761	1.8864666582040797	-5.20377173334434	-9.475480418331653
13.309555549701544	8.940978515968501	1.8871402766773424	-5.202435862074139	-9.473360975826855
13.309774546417803	8.94131350205569	1.8878242987924287	-5.201079430829204	-9.471209189821776
13.309996908350664	8.941653631974924	1.888518803139606	-5.199702286822215	-9.469024828814455
13.310222661051661	8.94199894465153	1.8892238682985336	-5.198304277292282	-9.466807661051357
13.310451830071932	8.942349479010051	1.8899395728442834	-5.196885249480588	-9.464557454725327
13.31068444096282	8.942705273975776	1.8906659953535105	-5.195445050605446	-9.462273978827241
13.3109205192765	8.943066368476273	1.8914032144108706	-5.193983527835752	-9.45995700221229
13.311160090565812	8.94343280143605	1.8921513085962751	-5.192500528374116	-9.457606293687995
13.311403180377374	8.943804611763642	1.8929103564193799	-5.190995899693036	-9.45522162197152
13.311649814254622	8.944181838364404	1.8936804363701765	-5.189469489305483	-9.452802755625457
13.311900017741213	8.944564520144011	1.894461626939563	-5.187921144702458	-9.450349462992364
13.312153816381405	8.944952696009457	1.8952540066234125	-5.186350713336746	-9.447861512128053
13.312411235720507	8.94534640487009	1.8960576539267255	-5.1847580426063375	-9.445338670733701
13.312672301305295	8.945745685638629	1.8968726473678759	-5.183142979837498	-9.442780706086754
13.312937038684431	8.946150577232252	1.8976990654829458	-5.181505372267504	-9.440187384970692
13.313205473408953	8.946561118573674	1.8985369868301492	-5.179845067027047	-9.437558473603632
13.313477631032674	8.946977348592268	1.899386489994347	-5.1781619111223	-9.434893737565845
13.313753537112694	8.94739930622518	1.9002476535916453	-5.176455751416647	-9.43219294172615
13.314033217209847	8.947827030418509	1.90112055627409	-5.1747264346121025	-9.429455850167244
13.31431669688919	8.948260560128459	1.9020052767344429	-5.172973807230385	-9.426682226109975
13.314604001720504	8.948699934322562	1.9029018937110491	-5.171197715593675	-9.423871831572786
13.314895157278778	8.949145191980893	1.9038104859927902	-5.169398005805052	-9.421024415083277
13.315190189144737	8.949596372097304	1.9047311324241278	-5.16757452372861	-9.418139735598409
13.315489122905355	8.950053513680704	1.90566391191023	-5.165727114969253	-9.415217558746637
13.315791984154375	8.950516655780579	1.9066089034643103	-5.163855624195995	-9.4122576469917
13.316098798562145	8.950985837702987	1.90756618719575	-5.161959891929221	-9.409259759477152
13.31640959179921	8.951461098474418	1.9085358422508134	-5.1600397638806195	-9.406223651868775
13.316724389432846	8.951942477072457	1.9095179473712602	-5.158095086119982	-9.403149076194987
13.31704321705523	8.952430012536622	1.9105125815565303	-5.156125703657236	-9.400035780685181
13.31736610028573	8.95292374397165	1.9115198240771896	-5.154131460390128	-9.396883509606049
13.317693064772273	8.95342371055083	1.9125397544886091	-5.152112199051106	-9.393692003095907
13.318024136192813	8.953929951519408	1.9135724526448703	-5.150067761153345	-9.390460996996987
13.318359340256745	8.95444250619804	1.9146179987129022	-5.147997986935968	-9.387190222685753
13.318698702706408	8.954961413986311	1.915676473186841	-5.145902715308432	-9.383879406901148
13.31904224931858	8.955486714366284	1.916747956902623	-5.1437817837941	-9.380528271570848
13.319390005905998	8.956018446906157	1.9178325310528004	-5.1416350284729875	-9.377136533635404
13.319741998318914	8.956556651263933	1.91893027720159	-5.139462283923688	-9.373703904870338
13.320098252446684	8.957101367191159	1.9200412773001445	-5.137263383164467	-9.37023009170603
13.320458794219336	8.957652634536737	1.921165613702052	-5.13503815759354	-9.366714795045493
13.320823649609235	8.958210493250778	1.9223033691790699	-5.132786436928509	-9.36315771007982
13.321192844632693	8.958774983388523	1.923454626937075	-5.130508049144971	-9.359558526101372
13.321566405351678	8.959346145114306	1.9246194706322557	-5.128202820414266	-9.35591692631452
13.321944357875495	8.959924018705593	1.9257979843875213	-5.125870575040403	-9.352232525175808
13.322326728362505	8.96050864455707	1.9269902528091538	-5.123511135396093	-9.348504874696895
13.322713543021893	8.96110006318479	1.9281963610036785	-5.121124321857937	-9.344733686485409
13.32310482811542	8.961698315372965	1.9294163946870624	-5.118709949172483	-9.340918652043303
13.323500610520982	8.962303444931402	1.9306504510744373	-5.116267780473464	-9.337059433848893
13.323900917577147	8.962915492977817	1.931898620467944	-5.1137976296078245	-9.333155664282298
13.32430577530012	8.963534499548137	1.933160985761449	-5.111299325230359	-9.329206944534098
13.324715209891306	8.964160505262106	1.934437632274938	-5.10877268613839	-9.325212843496237
13.32512924780148	8.96479355134768	1.935728647854198	-5.1062175208818985	-9.321172896634073
13.325547915741053	8.965433679665813	1.9370341229720858	-5.103633627367491	-9.317086604838186
13.32597124069052	8.966080932735617	1.938354150831403	-5.101020792456006	-9.312953433254165
13.326399249911056	8.966735353759956	1.9396888274693929	-5.098378791553666	-9.308772810088414
13.326831970955284	8.96739698665142	1.9410382518638751	-5.095707388196524	-9.304544125387642
13.327269431678216	8.968065876058699	1.9424025260410531	-5.093006333627981	-9.300266729789293
13.327711660248355	8.968742067393363	1.9437817551850176	-5.090275366369038	-9.295939933239936
13.328158685158968	8.969425606857074	1.9451760477489906	-5.087514211780951	-9.29156300367812
13.328610535239529	8.970116541469174	1.9465855155683518	-5.084722581619845	-9.287135165677862
13.329067239667323	8.970814919094735	1.948010273975504	-5.0819001735828255	-9.282655599048512
13.329528827979253	8.971520788473011	1.949450441916617	-5.079046670845032	-9.278123437386132
13.329995330083786	8.972234199246337	1.950906142070347	-5.076161741587033	-9.273537766571271
13.330466776273092	8.972955201989452	1.9523775009685724	-5.073245038511874	-9.268897623207206
13.330943197235369	8.973683848239304	1.95386464911924	-5.070296198351031	-9.264201992992374
13.33142462406734	8.974420190525292	1.9553677211314164	-5.067314841358418	-9.259449809019939
13.331911088286919	8.97516428239999	1.95688685584263	-5.064300570791552	-9.254639762902835
13.332402621846112	8.975916178470346	1.9584221964486095	-5.0612529723788535	-9.249770315391855
13.332899257144053	8.976675934429384	1.9599738906355477	-5.058171613771991	-9.244839924943859
13.333401027040255	8.977443607088427	1.9615420907149967	-5.055056043982071	-9.239846903467663
