12.288174122602836	7.738086213040827	0.39562261640248947	-6.985884990457192	-11.411889930926312
12.288210887542926	7.7381434073353725	0.39574315235821034	-6.985639476553425	-11.411488928749261
12.288248395127404	7.738201756883744	0.3958661226256223	-6.985389005392393	-11.411079831781366
12.288286652773428	7.738261273214488	0.3959915514406972	-6.985133527841062	-11.410662561061647
12.28832566789758	7.738321967854728	0.3961194630331744	-6.98487299479097	-11.41023703769856
12.288365447916224	7.73838385233105	0.3962498816304163	-6.984607357141983	-11.409803182790903
12.288406000245855	7.738446938170419	0.3963828314614132	-6.984336565785391	-11.40936091734528
12.288447332303486	7.738511236901137	0.39651833676094284	-6.984060571586361	-11.408910162298621
12.288489451505786	7.738576760050218	0.3966564217586627	-6.983779325433293	-11.408450838717236
12.28853236526898	7.7386435191442535	0.39679711068144374	-6.9834927782203025	-11.407982867480003
12.288576081010113	7.738711525711397	0.39694042776364324	-6.98320088081231	-11.407506169569546
12.288620606145557	7.7387807912780815	0.3970863972319908	-6.982903584105141	-11.40702066605945
12.28866594809114	7.738851327369399	0.3972350433072524	-6.982600839018361	-11.406526278074677
12.2887121142623	7.738923145509503	0.39738639020598415	-6.982292596487816	-11.406022926750444
12.28875911207426	7.738996257222034	0.39754046214235017	-6.981978807457903	-11.40551053318959
12.288806948942174	7.7390706740305495	0.3976972833300041	-6.981659422873564	-11.404989018418433
12.288855632281322	7.739146407458967	0.397856877984037	-6.981334393672008	-11.404458303341125
12.28890516950727	7.739223469032033	0.39801927032298395	-6.981003670774162	-11.403918308977978
12.288955568036062	7.7393018702757965	0.39818448457089844	-6.980667205075852	-11.403368956611155
12.289006835283827	7.739381622714978	0.3983525449481441	-6.980324947498609	-11.402810167280295
12.289058978664036	7.73946273786882	0.39852347564866125	-6.9799768490624885	-11.40224186210746
12.28911200559149	7.73954522726039	0.39869730088317484	-6.979622860716295	-11.401663962285623
12.289165923480919	7.739629102411828	0.3988740448589713	-6.979262933425481	-11.401076389061398
12.289220739746638	7.7397143748442545	0.3990537317787534	-6.978897018173458	-11.400479063717183
12.28927646180262	7.739801056077938	0.39923638584133825	-6.978525065958599	-11.399871907552773
12.289333097062551	7.739889157632445	0.39942203124237646	-6.978147027791158	-11.399254841866373
12.289390652939897	7.739978691026826	0.39961069217509504	-6.977762854690075	-11.398627787935075
12.289449136847976	7.740069667779787	0.399802392831064	-6.977372497679704	-11.397990666994799
12.289508556200014	7.74016209940987	0.39999715740098096	-6.976975907786422	-11.397343400228335
12.289568918409243	7.740255997435646	0.4001950100754839	-6.976573036035176	-11.396685909071113
12.289630230888937	7.740351373375901	0.40039597504598273	-6.976163833445892	-11.396018114918014
12.289692501052526	7.74044823874968	0.40060007650524343	-6.975748251033185	-11.395339939086329
12.28975573631282	7.740546605073021	0.4008073386341369	-6.975326239867043	-11.394651302934447
12.289819944081911	7.740646483862316	0.4010177856125515	-6.974897751008171	-11.393952127853794
12.289885131772424	7.740747886634378	0.4012314416232038	-6.974462735509662	-11.39324233526058
12.28995130679678	7.740850824905481	0.40144833084635345	-6.9740211444334985	-11.392521846587305
12.290018476567223	7.74095531019144	0.4016684774601497	-6.973572928849049	-11.391790583274064
12.290086648495846	7.741061354007689	0.4018919056409951	-6.9731180398315065	-11.391048466759639
12.290155829994642	7.741168967869379	0.4021186395639125	-6.972656428460317	-11.390295418472371
12.290226028475514	7.741278163291453	0.4023487034029254	-6.972188045817542	-11.389531359820841
12.290297251350324	7.741388951788739	0.4025821213314451	-6.971712842986203	-11.388756212184314
12.290369506030926	7.741501344876047	0.40281891752266846	-6.97123077104857	-11.387969896902998
12.290442799929203	7.741615354068258	0.40305911614998524	-6.970741781084426	-11.387172335268094
12.2905171404571	7.741730990880419	0.40330274138739286	-6.970245824169275	-11.386363448508053
12.290592535026668	7.741848266827844	0.40354981740992235	-6.96974285137254	-11.385543157250387
12.290668991050095	7.741967193426215	0.40380036839407296	-6.96923281375568	-11.384711382584932
12.290746515939754	7.742087782191681	0.40405441851825513	-6.9687156623703075	-11.38386804604363
12.290825117108238	7.742210044640966	0.4043119919632439	-6.968191348256258	-11.383013069028056
12.290904801968402	7.7423339922914725	0.4045731129126413	-6.967659822439593	-11.382146372798333
12.290985577936658	7.742459636700215	0.40483780568372024	-6.967121035176413	-11.381267878461884
12.291067452480684	7.742586989431553	0.4051060947694298	-6.966574936719652	-11.380377506961945
12.291150433019942	7.742716061980665	0.40537800426057646	-6.966021478500026	-11.379475179065896
12.291234526951813	7.742846865845484	0.4056535582401363	-6.9654606118874165	-11.378560815353369
12.291319741675565	7.742979412527804	0.405932780808652	-6.964892288179011	-11.377634336204178
12.291406084592456	7.74311371353352	0.4062156960854236	-6.964316458594582	-11.376695661786025
12.291493563105886	7.743249780372911	0.4065023282097187	-6.963733074271672	-11.375744712042025
12.29158218462153	7.743387624560894	0.40679270134201134	-6.963142086260687	-11.374781406678027
12.291671956547466	7.7435272576173135	0.40708683966524	-6.962543445519896	-11.373805665149726
12.291762886294324	7.743668691067212	0.4073847673860935	-6.961937102910344	-11.372817406649594
12.291854981275426	7.743811936441126	0.4076865087363174	-6.961323009190671	-11.371816550093603
12.291948248906943	7.743957005275368	0.40799208797404557	-6.9607011150118465	-11.370803014107766
12.292042696608029	7.744103909112324	0.4083015293851565	-6.960071370911797	-11.369776717014462
12.292138331800981	7.744252659500765	0.40861485728465	-6.959433727309965	-11.36873757681858
12.292235161911396	7.744403267996135	0.4089320960180506	-6.9587881345017575	-11.36768551119348
12.29233319436832	7.744555746160885	0.4092532699628335	-6.95813454265292	-11.366620437466727
12.29243243660442	7.744710105564774	0.40957840352987396	-6.9574729017938095	-11.365542272605675
12.292532896056132	7.744866357785197	0.4099075211649208	-6.9568031618135775	-11.364450927373447
12.29263458016384	7.745024514407511	0.41024064735009197	-6.956125272454272	-11.363346314111741
12.292737496372037	7.745184587025369	0.4105778066053972	-6.955439183304839	-11.362228351521289
12.292841652129496	7.745346587241059	0.41091902349027987	-6.954744843795042	-11.361096956800514
12.29294705488945	7.745510526665843	0.41126432260518614	-6.954042203189277	-11.35995204557842
12.293053712109753	7.74567641692031	0.41161372859315515	-6.953331210580316	-11.358793531848697
12.29316163125308	7.745844269634728	0.41196726614143364	-6.952611814882947	-11.35762132790285
12.293270819787095	7.746014096449396	0.41232495998311697	-6.951883964827527	-11.356435344262259
12.293381285184637	7.746185909015018	0.41268683489880814	-6.951147608953439	-11.355235489609226
12.29349303492391	7.746359718993067	0.4130529157183058	-6.950402695602472	-11.354021670716966
12.29360607648867	7.7465355380561585	0.41342322732231285	-6.949649172912086	-11.352793792378533
12.293720417368426	7.746713377888433	0.4137977946441706	-6.948886988808611	-11.351551757334713
12.293836065058619	7.746893250185936	0.41417664267161625	-6.9481160910003315	-11.350295466200777
12.293953027060835	7.74707516665701	0.41455979644856217	-6.947336426970499	-11.349024817392202
12.294071310883005	7.74725913902421	0.4149472810769029	-6.94654794329744	-11.34773970704919
12.294190924039594	7.747445179248951	0.4153391217183431	-6.9457505817360605	-11.346440028960117
12.294311874051827	7.747633299207735	0.4157353443936096	-6.944944288585979	-11.345125674483747
12.294434168447879	7.747823510651102	0.4161359752528841	-6.9441290103840565	-11.343796532470257
12.294557814763102	7.7480158253948135	0.4165410396776099	-6.943304692461822	-11.342452489181047
12.294682820540237	7.748210255322459	0.41695056335326147	-6.942471278898229	-11.341093428207234
12.294809193336878	7.748406812388104	0.41736457228331114	-6.941628712471661	-11.33971923038684
12.294936940852446	7.748605508618985	0.41778309280144543	-6.940776934611181	-11.338329773720623
12.295066070739194	7.74880635611824	0.41820615158397256	-6.939915885347022	-11.336924933286477
12.295196590636282	7.749009367067687	0.4186337756624199	-6.939045503260305	-11.335504572628723
12.295328508220399	7.7492145537306305	0.4190659924363211	-6.938165725431961	-11.33406854124911
12.295461831207147	7.749421928454726	0.419502829686202	-6.937276487390862	-11.332616694033167
12.295596567352447	7.749631503674881	0.41994431558675677	-6.936377723061127	-11.331148876353597
12.295732724453975	7.7498432919161875	0.42039047872022417	-6.935469364708602	-11.329664923368682
12.295870310352596	7.750057305796917	0.420841348089963	-6.934551342886465	-11.32816465966472
12.296009332933858	7.7502735580315365	0.4212969531342306	-6.933623586379972	-11.326647898891043
12.296149800129463	7.750492061433788	0.42175732374016756	-6.932686022150279	-11.325114443387108
12.296291719918791	7.750712828919795	0.4222224902579862	-6.931738575277338	-11.323564083801047
12.296435100330433	7.750935873511221	0.4226924835153778	-6.930781168901829	-11.321996598699076
12.29657994944374	7.75116120833847	0.4231673348321322	-6.929813724166087	-11.320411754164999
