9.484098123404825	6.394845459034964	1.4005399710619977	-3.5979844308213105	-6.657185703073804
9.484098515364812	6.394845991018248	1.4005408499746048	-3.5979829884748207	-6.657183726435985
9.484098915242912	6.394846533748294	1.4005417466423893	-3.5979815169910894	-6.657181709867601
9.4840993231183	6.394847087332568	1.4005426612428993	-3.597980016078753	-6.657179652969363
9.484099739070162	6.394847651878538	1.4005435939536819	-3.597978485446453	-6.6571775553419945
9.484100163177676	6.394848227493668	1.400544544952283	-3.597976924802831	-6.657175416586217
9.484100595520017	6.394848814285423	1.400545514416248	-3.5979753338565317	-6.657173236302761
9.48410103617637	6.3948494123612685	1.400546502523123	-3.5979737123162017	-6.657171014092363
9.484101485225914	6.39485002182867	1.4005475094504511	-3.5979720598904867	-6.657168749555757
9.484101942747827	6.394850642795093	1.400548535375777	-3.597970376288037	-6.657166442293682
9.484102408821288	6.394851275367999	1.4005495804766441	-3.597968661217499	-6.657164091906878
9.48410288352548	6.394851919654856	1.4005506449305973	-3.597966914387524	-6.657161697996087
9.484103366939582	6.394852575763128	1.40055172891518	-3.5979651355067586	-6.6571592601620475
9.48410385914277	6.394853243800279	1.4005528326079364	-3.597963324283851	-6.657156778005498
9.484104360214229	6.394853923873774	1.4005539561864118	-3.5979614804274473	-6.657154251127174
9.484104870233132	6.394854616091081	1.4005550998281509	-3.597959603646193	-6.657151679127812
9.484105389278662	6.394855320559662	1.4005562637106992	-3.597957693648731	-6.657149061608138
9.484105917430005	6.394856037386983	1.4005574480116054	-3.5979557501436994	-6.657146398168875
9.484106454766334	6.394856766680515	1.400558652908416	-3.5979537728397375	-6.657143688410741
9.484107001366832	6.3948575085477195	1.400559878578681	-3.597951761445477	-6.657140931934443
9.484107557310677	6.394858263096065	1.4005611251999515	-3.5979497156695484	-6.657138128340683
9.484108122677057	6.3948590304330155	1.4005623929497673	-3.597947635220614	-6.657135277230154
9.484108697545143	6.394859810666034	1.400563682005666	-3.5979455198073387	-6.6571323782036425
9.484109281994114	6.394860603902584	1.400564992545192	-3.5979433691383678	-6.657129430861921
9.484109876103151	6.394861410250132	1.40056632474589	-3.5979411829223458	-6.6571264348057175
9.484110479951436	6.394862229816143	1.4005676787853056	-3.5979389608679195	-6.657123389635764
9.484111093618147	6.394863062708082	1.400569054840983	-3.5979367026837368	-6.657120294952796
9.484111717182463	6.394863909033412	1.4005704530904666	-3.5979344080784452	-6.65711715035755
9.484112350723565	6.3948647688996	1.4005718737112995	-3.597932076760693	-6.65711395545076
9.48411299432063	6.394865642414109	1.4005733168810255	-3.59792970843913	-6.6571107098331685
9.484113648052842	6.394866529684404	1.400574782777188	-3.597927302822406	-6.657107413105512
9.484114311999376	6.394867430817952	1.4005762715773304	-3.5979248596191717	-6.657104064868532
9.484114986239414	6.3948683459222115	1.400577783458996	-3.5979223785380765	-6.65710066472297
9.484115670852136	6.3948692751046545	1.4005793185997268	-3.5979198592877735	-6.657097212269569
9.484116365916718	6.394870218472738	1.4005808771770671	-3.5979173015769117	-6.657093707109071
9.484117071512342	6.394871176133932	1.4005824593685585	-3.5979147051141442	-6.657090148842217
9.484117787718189	6.394872148195699	1.4005840653517443	-3.597912069608122	-6.657086537069752
9.484118514613433	6.394873134765501	1.4005856953041669	-3.597909394767496	-6.657082871392418
9.484119252277258	6.394874135950805	1.4005873494033692	-3.5979066803009188	-6.657079151410958
9.484120000788842	6.3948751518590745	1.4005890278268944	-3.59790392591704	-6.657075376726116
9.484120760227363	6.394876182597775	1.400590730752285	-3.5979011313245115	-6.65707154693863
9.484121530672002	6.394877228274369	1.4005924583570835	-3.597898296231983	-6.657067661649244
9.48412231220194	6.394878288996322	1.4005942108188347	-3.5978954203481055	-6.657063720458695
9.484123104896353	6.394879364871099	1.4005959883150803	-3.597892503381528	-6.657059722967723
9.484123908834423	6.394880456006164	1.400597791023365	-3.597889545040899	-6.6570556687770654
9.484124724095329	6.394881562508984	1.4005996191212386	-3.5978865450348394	-6.6570515574874465
9.484125550758257	6.394882684487035	1.4006014727862715	-3.5978835030719365	-6.657047388699419
9.484126388902384	6.394883822047777	1.4006033521960017	-3.5978804188608584	-6.657043162013695
9.484127238606892	6.394884975298674	1.4006052575279655	-3.5978772921102755	-6.657038877031066
9.484128099950958	6.394886144347187	1.4006071889596994	-3.597874122528854	-6.657034533352318
9.484128973013755	6.394887329300778	1.4006091466687396	-3.5978709098252617	-6.657030130578233
9.484129857874466	6.394888530266911	1.4006111308326246	-3.5978676537081604	-6.657025668309586
9.484130754612272	6.394889747353046	1.4006131416288932	-3.597864353886213	-6.657021146147148
9.484131663306345	6.3948909806666485	1.4006151792350852	-3.597861010068076	-6.657016563691681
9.48413258403587	6.3948922303151825	1.4006172438287408	-3.5978576219624077	-6.65701192054394
9.484133516880021	6.394893496406111	1.400619335587402	-3.597854189277859	-6.657007216304678
9.48413446191798	6.394894779046898	1.4006214546886124	-3.59785071172308	-6.657002450574635
9.484135419228929	6.394896078345011	1.4006236013099156	-3.597847189006717	-6.656997622954543
9.484136388892047	6.39489739440791	1.4006257756288574	-3.597843620837413	-6.6569927330451275
9.48413737098651	6.394898727343067	1.4006279778229844	-3.5978400069238083	-6.656987780447105
9.4841383655915	6.394900077257946	1.4006302080698447	-3.597836346974536	-6.656982764761184
9.484139372786201	6.394901444260013	1.4006324665469887	-3.5978326406982286	-6.65697768558806
9.484140392649792	6.394902828456736	1.4006347534319672	-3.597828887803512	-6.656972542528416
9.484141425261457	6.394904229955584	1.4006370689023335	-3.597825087999009	-6.656967335182929
9.484142470700371	6.394905648864025	1.4006394131356423	-3.5978212409933374	-6.656962063152264
9.484143529045722	6.394907085289528	1.4006417863094498	-3.5978173464951104	-6.656956726037072
9.48414460037669	6.394908539339563	1.400644188601315	-3.5978134042129333	-6.656951323437991
9.48414568477246	6.394910011121606	1.4006466201887977	-3.5978094138554115	-6.656945854955648
9.484146782312214	6.39491150074312	1.4006490812494612	-3.5978053751311387	-6.656940320190656
9.484147893075136	6.394913008311583	1.4006515719608692	-3.597801287748707	-6.656934718743612
9.484149017140409	6.394914533934468	1.400654092500589	-3.597797151416701	-6.656929050215102
9.484150154587217	6.394916077719247	1.40065664304619	-3.5977929658436985	-6.656923314205693
9.484151305494748	6.394917639773396	1.400659223775243	-3.5977887307382725	-6.656917510315938
9.484152469942185	6.394919220204391	1.4006618348653228	-3.5977844458089865	-6.656911638146372
9.484153648008718	6.394920819119709	1.4006644764940055	-3.5977801107643996	-6.6569056972975185
9.484154839773526	6.394922436626827	1.4006671488388704	-3.5977757253130638	-6.656899687369877
9.484156045315805	6.394924072833224	1.4006698520774996	-3.59777128916352	-6.656893607963927
9.484157264714735	6.394925727846381	1.4006725863874778	-3.5977668020243057	-6.656887458680139
9.484158498049513	6.394927401773777	1.400675351946393	-3.5977622636039475	-6.656881239118956
9.484159745399317	6.3949290947228965	1.4006781489318365	-3.597757673610966	-6.656874948880804
9.48416100684335	6.39493080680122	1.4006809775214015	-3.59775303175387	-6.656868587566088
9.484162282460787	6.394932538116235	1.4006838378926854	-3.5977483377411636	-6.65686215477519
9.48416357233083	6.394934288775423	1.4006867302232893	-3.597743591281338	-6.656855650108471
9.484164876532667	6.394936058886276	1.4006896546908174	-3.597738792082876	-6.656849073166272
9.484166195145493	6.394937848556292	1.400692611472908	-3.5977339398540633	-6.656842423548905
9.48416752824852	6.394939657892993	1.400695600747253	-3.5977290343032355	-6.656835700856513
9.484168875920943	6.394941487003873	1.4006986226914864	-3.5977240751387947	-6.656828904688789
9.484170238241962	6.3949433359964365	1.4007016774832575	-3.5977190620690944	-6.656822034645794
9.484171615290787	6.394945204978194	1.400704765300234	-3.5977139948024344	-6.656815090327516
9.484173007146623	6.394947094056664	1.4007078863201048	-3.5977088730470608	-6.656808071333811
9.48417441388868	6.394949003339374	1.4007110407205778	-3.5977036965111604	-6.656800977264403
9.484175835596178	6.394950932933854	1.4007142286793857	-3.5976984649028654	-6.6567938077188815
9.48417727234833	6.39495288294765	1.40071745037428	-3.5976931779302412	-6.656786562296691
9.484178724224366	6.394954853488312	1.400720705983038	-3.597687835301296	-6.656779240597123
9.48418019130352	6.394956844663398	1.4007239956834594	-3.5976824367239693	-6.656771842219325
9.48418167366502	6.394958856580477	1.4007273196533696	-3.597676981906133	-6.656764366762279
9.48418317138811	6.394960889347128	1.400730678070619	-3.5976714705555914	-6.656756813824807
9.484184684552035	6.394962943070937	1.4007340711130842	-3.597665902380076	-6.656749183005564
9.484186213236045	6.394965017859503	1.4007374989586705	-3.5976602770872432	-6.656741473903029
9.484187757519393	6.394967113820435	1.4007409617853082	-3.5976545943846756	-6.6567336861154995
