0.5024134468943512	0.7986816833106968	1.0426379550581717	1.093248807700041	1.0946372267246043
0.5030413703497222	0.7988441997405411	1.042656921377801	1.0932493231442622	1.0946372268270095
0.5036721697821198	0.7990091960423166	1.0426762587458864	1.0932498489920057	1.0946372269314835
0.5043064753271689	0.7991767405543126	1.042695971503442	1.0932503853477569	1.0946372270380464
0.5049448635400101	0.79934689876221	1.042716063964874	1.0932509323159936	1.09463722714672
0.5055878617041434	0.7995197330991776	1.0427365404101745	1.093251490001183	1.0946372272575238
0.5062359598261563	0.7996953035435016	1.0427574050768116	1.0932520585077765	1.0946372273704794
0.5068896107906412	0.7998736673160225	1.042778662157057	1.093252637940204	1.0946372274856073
0.5075492310005446	0.8000548801444698	1.0428003158360102	1.0932532284028686	1.094637227602928
0.5082152089152999	0.8002389960824197	1.0428223702423765	1.0932538300001429	1.094637227722462
0.5088878995891849	0.8004260671967272	1.0428448294865134	1.093254442836361	1.0946372278442305
0.5095676394767483	0.8006161432456823	1.0428676976682294	1.0932550670158148	1.0946372279682535
0.5102547467278926	0.8008092731536048	1.042890978873099	1.0932557026427856	1.0946372280945524
0.5109495196919785	0.8010055037626693	1.042914677168639	1.0932563498216226	1.0946372282231476
0.5116522352630237	0.8012048799816506	1.0429387966003543	1.093257008656577	1.0946372283540597
0.512363147104464	0.8014074462156292	1.0429633411876356	1.0932576792518927	1.0946372284873096
0.5130824983700094	0.8016132462245625	1.0429883149195276	1.0932583617118135	1.0946372286229178
0.5138105191846469	0.8018223229758662	1.043013721750888	1.0932590561405815	1.0946372287609047
0.5145474226461263	0.802034718491094	1.0430395656575773	1.0932597626424367	1.0946372289012918
0.515293413732852	0.8022504736867992	1.0430658506036863	1.093260481321615	1.094637229044099
0.5160486884159282	0.802469628209662	1.0430925805203255	1.093261212282346	1.0946372291893474
0.5168134327157742	0.8026922202659641	1.0431197593333894	1.0932619556288532	1.0946372293370574
0.5175878217063793	0.802918286445488	1.0431473909620421	1.0932627114653513	1.0946372294872497
0.5183720184700957	0.8031478625771088	1.0431754793171526	1.0932634798960448	1.0946372296399456
0.5191661730057199	0.803380986508462	1.043204028299675	1.0932642610251264	1.094637229795165
0.5199704320595985	0.8036176936703479	1.0432330417989837	1.0932650549567757	1.0946372299529292
0.5207849376993822	0.8038580188878308	1.0432625236911486	1.0932658617951576	1.0946372301132588
0.5216098184269442	0.8041019965391993	1.043292477837168	1.093266681644419	1.0946372302761738
0.522445198299034	0.804349660487231	1.0433229080811421	1.093267514608689	1.0946372304416956
0.5232911964468717	0.8046010440083062	1.0433538182491415	1.093268360792077	1.0946372306098444
0.5241479265751562	0.8048561797193903	1.0433852121866831	1.093269220298668	1.0946372307806416
0.5250154964438221	0.8051150995029049	1.0434170937256462	1.093270093232524	1.0946372309541073
0.5258940073332831	0.8053778344295084	1.0434494666758996	1.0932709796976825	1.0946372311302623
0.5267835534938755	0.8056444147587485	1.043482334841773	1.0932718797983279	1.0946372313091277
0.5276842215801902	0.8059148710352325	1.0435157020213415	1.0932727936386382	1.0946372314907231
0.5285960900709311	0.8061892327626313	1.043549572005686	1.0932737213227068	1.0946372316750703
0.5295192305754085	0.8064675286964749	1.043583948578138	1.0932746629546215	1.0946372318621898
0.5304537178943061	0.8067497871373612	1.043618835513501	1.0932756186384647	1.0946372320521018
0.5313996159652693	0.8070360358900052	1.0436542365772516	1.0932765884783129	1.0946372322448268
0.5323569824926763	0.8073263022212613	1.0436901555247218	1.0932775725782367	1.0946372324403866
0.5333258701088677	0.8076206128171417	1.0437265961002615	1.0932785710422994	1.094637232638801
0.5343063260296782	0.807918993738828	1.0437635620363772	1.0932795839745568	1.094637232840091
0.5352983917033178	0.8082214703776883	1.0438010570528538	1.0932806114790568	1.0946372330442775
0.5363021024528154	0.808528067409306	1.043839084855856	1.0932816536598378	1.0946372332513803
0.5373174871122206	0.8088388087465264	1.043877649137009	1.0932827106209302	1.094637233461421
0.5383445676567379	0.8091537174915288	1.0439167535694092	1.0932837824663537	1.09463723367442
0.5393833588269549	0.809472815886928	1.0439564017538336	1.0932848693001178	1.0946372338903978
0.5404338677472871	0.8097961252659148	1.0439965973531444	1.0932859712262202	1.0946372341093755
0.5414960935387598	0.810123666001439	1.044037344048561	1.0932870883486479	1.0946372343313733
0.542570026926196	0.8104554574544363	1.0440786455013653	1.0932882207713737	1.0946372345564122
0.5436556498398729	0.8107915148407786	1.0441205053516154	1.093289368598359	1.0946372347845128
0.5447529315849244	0.8111318531029256	1.0441629272168371	1.0932905319335504	1.0946372350156957
0.5458618062560505	0.8114764916129177	1.0442059146906844	1.0932917108808797	1.0946372352499816
0.5469822387878382	0.8118254481452835	1.044249471341578	1.0932929055442642	1.0946372354873917
0.5481141915405985	0.81217873873728	1.0442936007113155	1.0932941160276042	1.0946372357279461
0.5492576116711977	0.812536377589773	1.0443383063136562	1.0932953424339515	1.0946372359716654
0.5504124303379387	0.812898376966393	1.0443835916328794	1.0932965848645042	1.0946372362185708
0.551578561894598	0.813264747090976	1.0444294601223163	1.0932978434235296	1.0946372364686823
0.55275590307331	0.8136354960432878	1.044475915202858	1.0932991182155303	1.0946372367220214
0.5539443321558644	0.8140106296530288	1.0445229602614334	1.093300409344952	1.0946372369786084
0.5551437081328354	0.8143901513921099	1.0445705986494658	1.0933017169161825	1.0946372372384636
0.5563538698498434	0.8147740622652037	1.044618833681299	1.0933030410335414	1.0946372375016085
0.5575746351400818	0.8151623606985409	1.0446676686326004	1.0933043818012795	1.094637237768063
0.5588057999421044	0.8155550424269593	1.0447171067387362	1.09330573932357	1.0946372380378486
0.5600471374016915	0.8159521003791678	1.0447671511931225	1.0933071137045045	1.094637238310985
0.5612983969564574	0.81635352456122	1.0448178051455468	1.0933085050480864	1.0946372385874938
0.5625593034016727	0.8167593019381605	1.0448690717004672	1.0933099134582274	1.094637238867395
0.5638295559355875	0.8171694163138248	1.044920953915282	1.0933113390387375	1.0946372391507098
0.5651088271823473	0.8175838482087533	1.044973454798577	1.0933127818933221	1.0946372394374586
0.5663967621903798	0.8180025747361844	1.0450265772915845	1.0933142421255753	1.0946372397276625
0.5676929774039062	0.8184255694760858	1.0450803233301964	1.0933157198389736	1.0946372400213413
0.5689969625960186	0.81885280234718	1.0451346955154386	1.0933172151368682	1.0946372403185165
0.5703079189258713	0.8192842276187081	1.045189696993258	1.0933187281224808	1.0946372406192086
0.5716254637002225	0.8197197554819662	1.0452453307323666	1.0933202588988955	1.094637240923438
0.5729491777574539	0.8201593542985518	1.0453015995142751	1.0933218075690525	1.094637241231226
0.5742785429153088	0.8206029900098376	1.0453585059231547	1.0933233742357409	1.0946372415425925
0.5756129368432995	0.8210506157097706	1.0454160523355303	1.0933249590015932	1.0946372418575587
0.5769516277742224	0.8215021709727244	1.045474240909798	1.0933265619690764	1.0946372421761452
0.5782937690337105	0.821957581169047	1.0455330735755755	1.0933281832404869	1.0946372424983724
0.5796383933621784	0.8224167567678367	1.0455925520228744	1.093329822917941	1.0946372428242614
0.5809844069985465	0.8228795926263762	1.045652677691104	1.0933314811033696	1.094637243153833
0.5823305834898095	0.823345967265538	1.0457134517578963	1.09333315789851	1.0946372434871074
0.5836755571847057	0.8238157421303447	1.0457748751277596	1.0933348534048972	1.0946372438241054
0.5850178163634302	0.8242887608347506	1.0458369484205519	1.0933365677238593	1.0946372441648475
0.5863556959483883	0.8247648483895612	1.0458996719597795	1.093338300956506	1.0946372445093548
0.5876873697333213	0.8252438104122719	1.0459630457607147	1.093340053203724	1.0946372448576485
0.5890108420595941	0.8257254323174464	1.0460270695183327	1.0933418245661664	1.0946372452097481
0.5903239388588807	0.8262094784861066	1.0460917425950642	1.0933436151442464	1.0946372455656748
0.5916242979706893	0.826695691412418	1.0461570640083675	1.0933454250381285	1.0946372459254494
0.5929093586309042	0.8271837908257931	1.0462230324181088	1.0933472543477196	1.094637246289093
0.5941763500135007	0.8276734727863263	1.0462896461137556	1.0933491031726623	1.0946372466566254
0.5954222786914269	0.8281644087512836	1.0463569030013784	1.0933509716123242	1.0946372470280674
0.5966437626520615	0.8286562446101482	1.0464248005904553	1.0933528597657904	1.0946372474034398
0.5978364004419665	0.8291485996854948	1.0464933359804833	1.0933547677318558	1.0946372477827637
0.5989957002420724	0.8296410066107371	1.0465625053018526	1.093356695609014	1.0946372481660602
0.6001166313136479	0.830132902002847	1.046632302078872	1.0933586434954503	1.094637248553349
0.6011934964773278	0.8306237087749287	1.0467027199902617	1.0933606114890304	1.0946372489446505
0.6022198810741741	0.831112779754893	1.0467737517344562	1.0933625996872949	1.0946372493399865
0.6031885950774273	0.8315993941766315	1.046845388823447	1.093364608187446	1.0946372497393773
0.60409160697892	0.8320827542203363	1.0469176215350071	1.0933666370863402	1.0946372501428434
