0.2533661684698955	0.11113127062062705	0.01748514445734581	0.0005048511224299068	1.0033414130778346e-7
0.26036660767309955	0.11446373578953785	0.018019292361388824	0.0005203038757666909	1.0340538460248884e-7
0.26754719096308716	0.11786675011148809	0.01856427982418231	0.0005360688325496758	1.0653867112829227e-7
0.27490740139051867	0.12134084482532179	0.0191202126931923	0.0005521491130011246	1.0973462131752938e-7
0.2824469142648479	0.12488656214511792	0.019687196918936625	0.0005685478373638715	1.1299385560253398e-7
0.2901655844751287	0.1285044563428286	0.020265338590077425	0.0005852681259220218	1.1631699441563835e-7
0.29806339834810364	0.13219509122083314	0.020854743969883408	0.0006023130990224922	1.1970465818917306e-7
0.30614047826844454	0.13595904158607536	0.02145551950895431	0.000619685877097391	1.231574673554674e-7
0.3143970844092038	0.1397968877978104	0.02206777167937499	0.0006373895806872408	1.2667604234684878e-7
0.32283357883078717	0.14370921668091347	0.022691607189719482	0.0006554273304650376	1.30261003595643e-7
0.33145045374597454	0.14769662301845535	0.02332713282097509	0.0006738022472611555	1.3391297153417412e-7
0.3402482666312403	0.1517597110829448	0.02397445539315555	0.0006925174520890866	1.3763256659476455e-7
0.34922764123412237	0.15589908810760944	0.024633681781877016	0.0007115760659958536	1.4142040920973495e-7
0.3583892766420202	0.1601153699038767	0.025304918935548565	0.0007309812097259148	1.4527711981140417e-7
0.3677339569483034	0.16440918031051613	0.025988273893175498	0.000750736004456948	1.4920331883208904e-7
0.3772625613509277	0.16878114485455428	0.026683853802776034	0.0007708435713952815	1.5319962670410526e-7
0.3869760056229475	0.1732318914242143	0.027391765940409048	0.0007913070317442592	1.5726666385976597e-7
0.39687525502497684	0.17776205096804232	0.02811211772748019	0.0008121295067099626	1.6140505073138294e-7
0.40696134490098	0.18237225821993022	0.028845016488596848	0.0008333141175071383	1.6561540775126588e-7
0.41723533968849147	0.18706315244974642	0.029590569596290632	0.0008548639853653514	1.698983553517228e-7
0.42769833785977185	0.19183537823928887	0.030348884564671975	0.000876782231535358	1.7425451396505992e-7
0.4383514770820024	0.19668958628327723	0.031120068927579105	0.00089907197729569	1.7868450402358128e-7
0.4491959395854053	0.2016264342151105	0.031904230245428204	0.0009217363439594622	1.8318894595958946e-7
0.46023295772856765	0.206646582798405	0.03270147611229297	0.0009447784528814	1.877684602053847e-7
0.4714638197506826	0.21175068346445794	0.033511914163213995	0.0009682014254650852	1.9242366719326585e-7
0.4828898240647911	0.21693939825091332	0.034335652081737784	0.0009920083831704118	1.9715518735552983e-7
0.494512286211351	0.22221339168989582	0.03517279760768474	0.0010162024475212712	2.0196364112447153e-7
0.5063325813479143	0.227573330110275	0.036023458545146485	0.0010407867401134503	2.0684964893238372e-7
0.5183521017918465	0.23301988196234047	0.03688774277071196	0.0010657643826227508	2.1181383121155811e-7
0.5305722595541487	0.23855371815214915	0.037765758238703574	0.0010911384968133207	2.1685680839428387e-7
0.5429944889590398	0.24417551238546623	0.03865761281782667	0.0011169122045462112	2.2197920091284872e-7
0.5556202493340272	0.24988594152121363	0.0395634144355014	0.0011430886277881522	2.2718162919953863e-7
0.5684510277673076	0.2556856859343512	0.040483271114639945	0.0011696708886113087	2.3246471368663755e-7
0.5814883419294262	0.26157542954242496	0.04141729090195723	0.001196662108462247	2.3782907480642797e-7
0.5947337429562026	0.26755585502792456	0.042365581871253326	0.0012240654088065356	2.4327533299118996e-7
0.6081888183900482	0.2736276494858171	0.04332825212678705	0.0012518839114770428	2.4880410867320255e-7
0.6218551871924187	0.2797915032683072	0.0443054098067406	0.0012801207383281276	2.5441602228474314e-7
0.6357344552422418	0.2860481087491835	0.04529716308677601	0.0013087790112379565	2.6011169425808694e-7
0.649828272745217	0.2923981605181264	0.04630362018368221	0.0013378618521108936	2.65891745025508e-7
0.6641383184321474	0.2988423555796355	0.047324889359113435	0.0013673723828799336	2.717567950192781e-7
0.6786662952323347	0.30538139355654137	0.048361078923418725	0.0013973137255092172	2.7770746467166825e-7
0.6934139320073491	0.31201597689806587	0.04941229723956228	0.0014276890019965936	2.8374437441494716e-7
0.7083829853110266	0.3187468110923965	0.050478652727134705	0.001458501334376248	2.8986814468138303e-7
0.7235752411745893	0.32557460488373824	0.05156025386645502	0.0014897538447213858	2.960793959032413e-7
0.7389925169158443	0.3325000704938099	0.05265720920276378	0.0015214496551469831	3.0237874851278654e-7
0.7546366629714998	0.3395239238477491	0.05376962736532759	0.0015535918878125958	3.08766822942283e-7
0.7705095647517124	0.3466468848043942	0.05489761733175562	0.0015861836649252309	3.1524423962399195e-7
0.7866131445160749	0.3538696773909096	0.05604128777955615	0.0016192281087422707	3.218116189901735e-7
0.8029493632703324	0.36119303004172726	0.05720074729370362	0.0016527283415744747	3.284695814730884e-7
0.8195202226832516	0.3686176758417645	0.0583761045515469	0.0016866874857890217	3.3521874750499354e-7
0.8363277670231459	0.37614436861905864	0.05956746832863829	0.001721108663812623	3.4205973751814597e-7
0.8533741059765315	0.38377386344697334	0.06077494750467947	0.0017559949981347058	3.4899317194480243e-7
0.8706615550222093	0.39150689239873815	0.061998651069584486	0.0017913496113106376	3.5601967121721716e-7
0.8881922376371552	0.3993441952732343	0.06323868812966026	0.0018271756259650206	3.631398557676441e-7
0.905968283567582	0.4072865202657784	0.06449516791390358	0.001863476164795059	3.7035434602833703e-7
0.9239919041691776	0.4153346244297394	0.0657681997804155	0.0019002543544060977	3.7766376243154666e-7
0.9422653962775034	0.4234892741458144	0.06705789322293242	0.0019375133299234426	3.8506872540952526e-7
0.9607911461165003	0.4317512455989373	0.06836435787747368	0.0019752562123227096	3.9256985539452257e-7
0.9795716332458779	0.4401213252627837	0.06968770352910665	0.00201348612150794	4.0016777281878904e-7
0.9986094345486533	0.4486003103918555	0.0710280401188275	0.0020522061776439664	4.0786309811470686e-7
1.0179072282606711	0.4571890095211363	0.07238547775055945	0.002091419501179431	4.156564517160328e-7
1.0374677980444964	0.46588824297330667	0.07376012669826772	0.0021311292128702677	4.2354845405542656e-7
1.057294037110671	0.474698843373542	0.07515209741318984	0.002171338433803647	4.315397255651326e-7
1.0773889523899798	0.4836216561718884	0.07656150053118423	0.0022120502854224415	4.396308866774083e-7
1.097755668761057	0.49265754017326874	0.07798844688019414	0.002253267889550151	4.478225578245248e-7
1.1183974333383582	0.5018073680751399	0.07943304748782838	0.0022949943684163043	4.561153594387707e-7
1.1393176198262993	0.5110720270128654	0.080895413589059	0.0023372328446823456	4.645099119524503e-7
1.1605197329461774	0.5204524191128617	0.0823756566340345	0.002379986441468024	4.7300683579788617e-7
1.1820074129433362	0.5299494620536074	0.08387388829601145	0.0024232582823782317	4.816067514074209e-7
1.2037844401829083	0.5395640896345946	0.08539022055711318	0.0024670514915303443	4.903102792134166e-7
1.2258547398435056	0.5492972523533489	0.08692477005581445	0.002511369193582036	4.99118039648257e-7
1.2482229222654324	0.559149917990631	0.08847765033791394	0.0025562145137595824	5.080306531443498e-7
1.270895172784742	0.5691231302106888	0.09004897242230402	0.002601590577886631	5.170487401341248e-7
1.2938753638258043	0.5792181473885162	0.09163884815011737	0.0026475005124134763	5.261729210500393e-7
1.3171675585257576	0.5894359425910976	0.09324739022935465	0.0026939474444467853	5.354038163245745e-7
1.3407763524605796	0.5997775003195619	0.09487471228027358	0.0027409345017798425	5.447420463902431e-7
1.3647068977141361	0.6102438673394395	0.09652092888153434	0.00278846481292323	5.541882316795839e-7
1.388964927544153	0.6208361557549525	0.0981861556171052	0.002836541507136044	5.637429926251673e-7
1.4135567817284447	0.6315555461338885	0.0998705091239289	0.00288516771445754	5.734069496595963e-7
1.4384894326931625	0.642403290684406	0.10157410714035014	0.002934346565739293	5.831807232155067e-7
1.4637705125449103	0.6533807164855285	0.10329706855530721	0.0029840811926778407	5.930649337255696e-7
1.4894083411504022	0.6644892287734282	0.10503951345828898	0.0030343747278477745	6.030602016224905e-7
1.515411955431083	0.6757303142860551	0.10680156319005983	0.0030852303047353593	6.131671473390148e-7
1.541791140066423	0.6871055446690686	0.10858334039415657	0.0031366510577725917	6.233863913079267e-7
1.5685564598283819	0.69861657994654	0.1103849690691587	0.003188640122371784	6.337185539620488e-7
1.5957192938016898	0.7102651720603418	0.11220657462173882	0.0032412006349605755	6.441642557342489e-7
1.6232918717802922	0.7220531684827174	0.11404828392049321	0.003294335733017486	6.547241170574363e-7
1.6512873131706989	0.7339825159070609	0.11591022535056225	0.0033480485551079056	6.653987583645673e-7
1.6797196687783356	0.7460552640225335	0.11779252886904208	0.0034023422409205817	6.761888000886426e-7
1.7086039659050214	0.7582735693788067	0.11969532606119596	0.0034572199313046077	6.870948626627128e-7
1.737956257244888	0.7706396993478706	0.12161875019746955	0.003512684768306852	6.981175665198801e-7
1.767793674134733	0.7831560361905976	0.1235629362913185	0.0035687398952099227	7.092575320932962e-7
1.7981353181406	0.7958250812365251	0.12552802115785577	0.0036253884565705615	7.205153798161668e-7
1.8290056707741782	0.8086494591861209	0.1275141434733259	0.0036826335982585515	7.318917301217524e-7
1.8604294531821732	0.8216322104541336	0.12952144636537705	0.003740478467496113	7.433872034433704e-7
1.8924340570297264	0.8347768339112367	0.13155008498563747	0.0037989262128977665	7.550024202143986e-7
1.9250501901761468	0.8480868839117833	0.13360021368547467	0.0038579799845106723	7.667380008682718e-7
1.9583120938689165	0.8615662439611762	0.1356719912785629	0.0039176429338554876	7.78594565838489e-7
1.9922577876643017	0.8752191419533255	0.13776558198813726	0.003977918213967658	7.905727355586113e-7
2.0269293477591726	0.8890501649650168	0.13988115565876647	0.004038808979439252	8.02673130462269e-7
