1.1	1.1	1.1	1.0999999999999999	1.1
1.1007967128001297	1.100166407798677	1.1000164060841315	1.100000431456876	1.1000000000914707
1.1015250465493764	1.1003188731901756	1.1000314432997143	1.1000008269528028	1.1000000001767454
1.102191267482055	1.1004586650469803	1.100045235689705	1.1000011896903537	1.1000000002561394
1.1028010097807157	1.1005869275000624	1.1000578958104652	1.1000015226040316	1.1000000003299544
1.1033593367148262	1.1007046888208976	1.1000695252843908	1.1000018283731567	1.1000000003984793
1.103870830296828	1.1008128772352113	1.1000802153209923	1.1000021094340184	1.1000000004619896
1.104339623973293	1.10091232684037	1.1000900475303061	1.1000023679913404	1.1000000005207493
1.104769436500187	1.101003796881434	1.1000990968976871	1.100002606029099	1.1000000005750108
1.1051636361714463	1.101087976337825	1.1001074297168756	1.1000028253207463	1.100000000625015
1.1055252447054462	1.1011654871825571	1.1001151063724581	1.1000030274388655	1.1000000006709938
1.1058570187233399	1.1012368875061542	1.1001221822298188	1.100003213764302	1.1000000007131676
1.1061614690469823	1.101302688809754	1.100128707861406	1.1000033855628852	1.1000000007517476
1.1064408726231256	1.101363350091629	1.100134729260888	1.1000035441213236	1.100000000786937
1.106697283814668	1.1014192834722523	1.1001402880459588	1.1000036904696944	1.1000000008189297
1.1069325451944936	1.1014708687134291	1.100145421650474	1.1000038255539477	1.10000000084791
1.1071483472356105	1.1015184546396577	1.1001501635065867	1.100003950253666	1.1000000008740565
1.1073462306321014	1.1015623604867748	1.1001545432402968	1.1000040653849237	1.1000000008975386
1.1075275839582894	1.1016028771822641	1.1001585893343861	1.1000041717030025	1.1000000009185196
1.107693683434959	1.1016402685613067	1.1001623278149297	1.100004269904966	1.1000000009371542
1.1078456980467457	1.1016747725223859	1.100165781602606	1.1000043606321077	1.100000000953592
1.107984694410925	1.1017066021259954	1.1001689718783692	1.100004444472273	1.1000000009679758
1.108111641412771	1.101735946639778	1.1001719181554066	1.10000452196207	1.1000000009804414
1.108227414621596	1.1017629787428282	1.1001746383475697	1.1000045935889669	1.1000000009911197
1.1083328005005844	1.1017878720739926	1.1001771488344685	1.1000046597932913	1.1000000010001363
1.1084285300540755	1.1018107752084851	1.1001794645234215	1.1000047209701305	1.1000000010076099
1.10851527870994	1.101831824092694	1.1001815989084416	1.1000047774711421	1.100000001013655
1.108593647041906	1.1018511438803067	1.1001835641264126	1.1000048296062768	1.1000000010183817
1.1086641898634395	1.1018688493640505	1.1001853710106229	1.100004877645419	1.1000000010218938
1.1087274181914406	1.1018850453875664	1.1001870291652325	1.1000049218199557	1.1000000010242919
1.108783801116728	1.1018998272384943	1.1001885482352431	1.1000049623242647	1.1000000010256705
1.108833767593118	1.1019132810237937	1.1001899368688999	1.1000049993171415	1.100000001026122
1.108877708149518	1.1019254840282486	1.1001912025515526	1.1000050329253241	1.1000000010257327
1.1089159765291685	1.1019365054211243	1.1001923521869248	1.1000050634146623	1.1000000010245863
1.1089488912599024	1.1019464118550875	1.100193392119016	1.1000050910293886	1.1000000010227622
1.10897673715904	1.1019552618606059	1.1001943281530269	1.1000051159172133	1.1000000010203368
1.1089997703361423	1.101963107688234	1.1001951655753606	1.1000051382135365	1.100000001017381
1.1090182399268445	1.1019699970229295	1.1001959091727391	1.1000051580419012	1.100000001013965
1.109032363646308	1.1019759731550853	1.1001965632504875	1.1000051755144251	1.1000000010101538
1.1090423370861042	1.1019810751443184	1.100197131650025	1.1000051907322173	1.1000000010060103
1.1090483372689517	1.1019853379763882	1.1001976177656012	1.1000052037857706	1.1000000010015933
1.1090505234214783	1.1019887927135865	1.1001980245603218	1.1000052147553443	1.1000000009969604
1.1090490377166726	1.1019914666389228	1.1001983545814897	1.1000052237113238	1.1000000009921642
1.1090440059874571	1.1019933833944173	1.1001986099753058	1.100005230714571	1.1000000009872564
1.1090355384127188	1.1019945631137917	1.1001987925009487	1.1000052358167562	1.1000000009822857
1.1090237301770551	1.101995022549826	1.1001989034682613	1.100005239060677	1.1000000009772966
1.109008662105412	1.101994775196645	1.1001989424561116	1.1000052404805645	1.1000000009723334
1.1089904012737088	1.1019938314071793	1.1001989106693129	1.1000052401023774	1.1000000009674376
1.1089690015964924	1.1019921985060246	1.1001988097782707	1.1000052379440823	1.1000000009626467
1.1089445043925699	1.1019898808979267	1.1001986409989375	1.1000052340159243	1.1000000009579989
1.1089169389295332	1.1019868685667358	1.100198405108145	1.1000052283206871	1.1000000009535273
1.1088863161706444	1.1019831525068753	1.100198102458328	1.1000052208539397	1.100000000949265
1.1088525858880032	1.1019787417236933	1.1001977329916666	1.1000052116042767	1.1000000009452418
1.1088157669000125	1.1019736403052338	1.10019729625367	1.1000052005535481	1.1000000009414863
1.1087758798265654	1.1019678474373356	1.1001967914062365	1.1000051876770782	1.100000000938025
1.1087329243283595	1.101961357574253	1.1001962172402024	1.1000051723893	1.1000000009348831
1.1086868800156844	1.1019541606030145	1.100195572187412	1.100005152943196	1.1000000009320834
1.1086377073242115	1.101946242001789	1.1001948543323254	1.1000051296988649	1.1000000009296473
1.1085853483588586	1.1019375829925286	1.1001940614231864	1.100005103141542	1.1000000009275945
1.1085297277067065	1.101928160688136	1.1001931908827698	1.1000050736904565	1.1000000009258535
1.1084707532198523	1.1019179482343893	1.1001922398187265	1.100005041700904	1.1000000009234476
1.1084083167689975	1.1019069149468508	1.1001912050335423	1.100005007466247	1.1000000009201862
1.1083422949684807	1.101895026442959	1.1001900830341331	1.1000049712198385	1.1000000009161568
1.1082725498733887	1.10188224476952	1.1001888700410831	1.1000049331368735	1.1000000009114348
1.1081989296492916	1.1018685285257668	1.10018756199755	1.100004893336173	1.1000000009060817
1.108121269215082	1.1018538329821732	1.100186154577848	1.100004851881905	1.100000000900146
1.1080393908593185	1.101838110195187	1.100184643195717	1.100004808785239	1.1000000008936632
1.107953104830401	1.101821309118041	1.1001830230123053	1.1000047640059434	1.1000000008866568
1.107862209900833	1.1018033757077799	1.100181288943859	1.100004717453925	1.1000000008791384
1.107766493905776	1.1017842530286575	1.1001794354188323	1.1000046689907128	1.1000000008711082
1.1076657342559981	1.1017638813520214	1.1001774426768187	1.1000046184308903	1.1000000008625543
1.1075595796264903	1.1017421982528144	1.1001753021156127	1.100004565543476	1.1000000008534552
1.1074473682965438	1.1017191106301831	1.1001730136314516	1.1000045100532567	1.1000000008437778
1.107328988681229	1.1016944315195152	1.1001705748487673	1.100004451642073	1.100000000833479
1.107204305990932	1.1016681220886486	1.1001679811864815	1.1000043899500616	1.1000000008225062
1.1070730941529765	1.1016401429974148	1.1001652259220214	1.1000043245768534	1.1000000008107966
1.1069350394542161	1.1016104316036817	1.100162300253174	1.1000042550827318	1.1000000007982784
1.1067897440271457	1.1015789026934704	1.1001591933578434	1.1000041809897507	1.10000000078487
1.106636729178394	1.1015454491871226	1.1001558924518045	1.1000041017828155	1.1000000007704818
1.1064754385572342	1.1015099428222936	1.1001523828445305	1.1000040169107261	1.1000000007550144
1.1063052411604963	1.1014722348144612	1.1001486479931675	1.1000039257871859	1.1000000007383615
1.1061254341689624	1.1014321564955905	1.1001446695547294	1.100003827791778	1.1000000007204074
1.1059352456089988	1.101389519931505	1.100140427436584	1.1000037222709074	1.1000000007010293
1.105733836831742	1.1013441185184736	1.1001358998452895	1.1000036085387148	1.1000000006800958
1.1055203048006768	1.1012957275594395	1.1001310633338524	1.100003485877955	1.100000000657469
1.1052936841767933	1.101244104820264	1.1001258928474582	1.1000033535408544	1.1000000006330029
1.105052949188785	1.1011889910662849	1.1001203617677422	1.1000032107499338	1.1000000006065451
1.1047970152737647	1.1011301105794327	1.1001144419556435	1.1000030566988086	1.1000000005779356
1.104524740471835	1.1010671716560818	1.1001081037929037	1.1000028905529622	1.1000000005470079
1.104234926555365	1.1009998670857428	1.1001013162222575	1.1000027114504942	1.10000000051359
1.103926319871047	1.100927874610648	1.10009404678636	1.100002518502847	1.1000000004775008
1.1035976118695512	1.1008508573662095	1.1000862616655018	1.1000023107955046	1.1000000004385564
1.1032473114687378	1.1007684643022608	1.1000779257141509	1.1000020873886764	1.100000000396564
1.102873251499724	1.1006803305849353	1.1000690024963669	1.1000018473179547	1.100000000351327
1.1024734140575851	1.1005859815647616	1.1000594489482187	1.1000015895949513	1.1000000003026422
1.1020455717665893	1.1004848281955424	1.1000492001224895	1.1000013132079185	1.1000000002502999
1.1015872215607236	1.1003763078230155	1.1000381973415512	1.1000010171223487	1.1000000001940866
1.1010955873364001	1.1002597960331955	1.100026377160739	1.1000007002815528	1.1000000001337829
1.1005676207687822	1.1001346079855232	1.100013669939357	1.1000003616072278	1.1000000000691639
1.099999999999999	1.1	1.1	1.1	1.0999999999999996
