0.0
0.0
0.0
0.0
0.0
0.0
0.0
0.0
0.0
0.0
0.0
0.0
0.0
0.0
0.0
0.0
0.0
0.0
0.0
0.0
0.0
0.0
0.0
0.0
0.0
0.0
0.0
0.0
0.0
0.0
0.0
0.0
0.0
0.0
0.0
0.0
0.0
0.0
0.0
0.0
0.0
0.0
0.0
0.0
0.0
0.0
0.0
0.0
0.0
0.0
0.0
0.0
0.0
0.0
0.0
0.0
0.0
0.0
0.0
0.0
0.0
0.0
0.0
0.0
0.0
0.0
0.0
0.0
0.0
0.0
0.0
0.0
0.0
0.0
0.0
0.0
0.0
0.0
0.0
0.0
0.0
0.0
0.0
0.0
0.0
0.0
0.0
0.0
0.0
0.0
0.0
0.0
0.0
0.0
0.0
0.0
0.0
0.0
0.0
0.0
0.0
0.0
0.0
0.0
0.0
0.0
0.0
0.0
0.0
0.0
0.0
0.0
0.0
0.0
0.0
0.0
0.0
0.0
0.0
0.0
0.0
0.0
0.0
0.0
0.0
0.0
0.0
0.0
0.0
0.0
0.0
0.0
0.0
0.0
0.0
0.0
0.0
0.0
0.0
0.0
0.0
0.0
0.0
0.0
0.0
0.0
0.0
0.0
0.0
0.0
0.0
0.0
0.0
0.0
0.0
0.0
0.0
0.0
0.0
0.0
0.0
0.0
0.0
0.0
0.0
0.0
0.0
0.0
0.0
0.0
0.0
0.0
0.0
0.0
0.0
0.0
0.0
0.0
0.0
0.0
0.0
0.0
0.0
0.0
0.0
0.0
0.0
0.0
0.0
0.0
0.0
0.0
0.0
0.0
0.0
0.0
0.0
0.0
0.0
0.0
0.0
0.0
0.0
0.0
0.0
0.0
0.0
0.0
0.0
0.0
0.0
0.0
0.0
0.0
0.0
0.0
0.0
0.0
0.0
0.0
0.0
0.0
0.0
0.0
0.0
0.0
0.0
0.0
0.0
0.0
0.0
0.0
0.0
0.0
0.0
0.0
0.0
0.0
0.0
0.0
0.0
0.0
0.0
0.0
0.0
0.0
0.0
0.0
0.0
0.0
0.0
0.0
0.0
0.0
0.0
0.0
0.0
0.0
0.0
0.0
4.728619761070981e-7
4.7574927632523834e-7
4.80415307391797e-7
4.872407749322654e-7
4.960086440244811e-7
5.066182595263313e-7
5.191391761716054e-7
5.336345940445092e-7
5.5013425491401e-7
5.686924191194696e-7
5.893364302731443e-7
6.121573738529695e-7
6.37178918128273e-7
6.645140758443965e-7
6.941915671994376e-7
7.263373754831976e-7
7.610003388831633e-7
7.983019544807293e-7
8.383313587664339e-7
8.811856908045105e-7
9.270100491303311e-7
9.758747344400187e-7
1.02797643755847e-6
1.0833690502748423e-6
1.1422878850663964e-6
1.2047885903818564e-6
1.2711248317131558e-6
1.3413800896726681e-6
1.4157978609422527e-6
1.4945239316322797e-6
1.5777553772105251e-6
1.6657311630041029e-6
1.7585919085090002e-6
1.856666809664379e-6
1.960057024734992e-6
2.0691591097893528e-6
2.1840648700489244e-6
2.3052055346257735e-6
2.4327043149198746e-6
2.5669832065612068e-6
2.7082497104768388e-6
2.8568599181582925e-6
3.013159673279962e-6
3.177405762627504e-6
3.350094897725885e-6
3.531405351090965e-6
3.7219487573555366e-6
3.921870624392781e-6
4.131848145279973e-6
4.352054230997399e-6
4.583167081535633e-6
4.825463474522254e-6
5.079540903552387e-6
5.345865933082104e-6
5.624880992316127e-6
5.917287999901889e-6
6.223390028485021e-6
6.544077313535892e-6
6.879577744719611e-6
7.230898300263046e-6
7.598277170631356e-6
7.982746401966883e-6
8.384661330153849e-6
8.80496496671892e-6
9.244256649226919e-6
9.703262569741703e-6
1.0182920810551243e-5
1.068373072199023e-5
1.1206926377071383e-5
1.1752861956806607e-5
1.2322966983980574e-5
1.2917568244227933e-5
1.3538164383102743e-5
1.4185199713082954e-5
1.4860087289814508e-5
1.5563563539453664e-5
1.6296770491533247e-5
1.706089499425193e-5
1.7856734181495902e-5
1.868592217491215e-5
1.954900348444172e-5
2.0447922210733857e-5
2.1383128152719402e-5
2.235670607219053e-5
2.3369202389887692e-5
2.4422638441565105e-5
2.551788477614852e-5
2.665665767467344e-5
2.7840385117109587e-5
2.907029582441042e-5
3.034845894677677e-5
3.167569870490422e-5
3.305455348186011e-5
3.448564596737146e-5
3.597176266528422e-5
3.751357116773628e-5
3.911384367847943e-5
4.0773581818045915e-5
4.249523697885312e-5
4.428046410519696e-5
4.613108629099675e-5
4.804960980449085e-5
5.0037258555190545e-5
5.209722121995662e-5
5.423036381639874e-5
5.6440275613887156e-5
5.8727775068056524e-5
6.10965224123372e-5
6.354764803941857e-5
6.608450297239979e-5
6.870893897229615e-5
7.142357031386884e-5
7.423130037893876e-5
7.713390881406524e-5
8.013525795645976e-5
8.323655389601337e-5
8.644226664711727e-5
8.975341170842994e-5
9.317466128045254e-5
9.670727881427717e-5
0.00010035567627586713
0.00010412186192016121
0.00010800946538929457
0.00011202170838237494
0.00011616112149383522
0.00012043222561948928
0.0001248366964294901
0.00012937993425254625
0.00013406322090575367
0.00013889234623898269
0.0001438687244747649
0.0001489979816906708
0.00015428225555063046
0.00015972638890903606
0.00016533385730237176
0.00017110816444499872
0.00017705443160026486
0.00018317497314301876
0.00018947613625624587
0.00019595956811504437
0.00020263225865629257
0.00020949581057702282
0.00021655720344435268
0.0002238186894593122
0.00023128651199863612
0.00023896433075956789
0.00024685688151697194
0.00025496977678334746
0.0002633061835740895
0.00027187336984160315
0.0002806734819633636
0.00028971475735511585
0.00029899904964604345
0.00030853480339437193
0.0003183243845603949
0.00032837560390844045
0.0003386922240381855
0.0003492805004494784
0.00036014636479074854
0.00037129409208097456
0.0003827317809876715
0.0003944622451357147
0.00040649495420521265
0.0004188321004521949
0.000431483643916149
0.00044445207767683775
0.00045774688926836216
0.0004713718762056432
0.00048533500841671767
0.0004996423716176778
0.0005142995938222947
0.0005293154145661737
0.0005446935030234124
0.000560444434418297
0.0005765708443386901
0.0005930841376763744
0.000609986956959328
0.0006272904503032315
0.0006449983848583992
0.0006631204887468231
0.0006816628139234427
0.0007006325239651114
0.0007200386670712282
0.0007398859378728134
0.0007601857137958886
0.0007809411716185373
0.0008021648852705519
0.0008238596651171055
0.0008460380799783965
0.0008687037872837157
0.0008918680897075492
0.0009155367563203974
0.0009397185155091666
0.0009644222223331594
0.000989653673137941
0.0010154245077348336
0.001041738487535511
0.0010686087876324287
0.0010960383759781491
0.0011240406708272947
0.0011526191195770077
0.001181786066135962
0.0012115467228824808
0.0012419110367442923
0.0012728870973352751
0.0013044816424840552
0.0013367057803686945
0.0013695637699909322
0.0014030684780811887
0.0014372229508433285
0.0014720404783510332
0.0015075241678556522
0.0015436864261465333
0.0015805316498624328
0.0016180701134026407
0.0016563086046146372
0.0016952542580255595
0.0017349166672659554
0.0017753002726684352
0.0018164164181288778
0.0018582680240223155
0.0019008668815082928
0.0019442155835495032
0.00198832516778494
0.002033198970697682
0.002078846213710089
0.0021252718868795886
0.002172482516879719
0.002220485183593201
0.0022692838657814517
0.0023188870249274095
0.0023692970669028286
0.0024205226686636553
0.0024725656705557896
0.002525433988951561
0.002579129697174352
0.0026336592034167305
0.0026890253659346973
0.0027452326033629614
0.0028022847476218255
0.0028601842890767985
0.002918935584121668
0.0029785399122802462
0.0030390012712434226
0.003100320427866747
0.0031625004021620384
0.0032255418570878314
0.0032894465308409815
0.00335421506436332
0.0034198479554621566
0.003486345553649176
0.0035537075185458275
0.0036219333633572357
0.0036910224259010275
0.0037609729030346297
0.0038317840864969055
0.003903452723302601
0.003975977975288012
0.004049355385653132
0.004123583520887678
0.004198657361557865
0.004274574026876016
0.004351328958902452
0.004428916878911479
0.004507334277309768
0.004586573255507535
0.0046666311937524595
0.004747498027082452
0.00482917137963833
0.004911639878134257
0.004994900350329411
0.005078941371186878
0.005163757547810309
0.005249339044099553
0.00533567675214329
0.005422763541089407
0.005510586181482854
0.005599139777545014
0.005688408057601466
0.005778387138400383
0.005869059172750055
0.005960419709543336
0.006052451138846672
0.006145146541419096
0.006238490664834722
0.006332472118883574
0.006427079864554875
0.006522297124783461
0.006618116593558556
0.006714517574219781
0.006811494812988598
0.0069090256881255184
0.007007104978365612
0.007105710370653301
0.007204834450815105
0.007304457629394037
0.00740456797652948
0.007505151014192883
0.0076061888642046304
0.007707672071506648
0.007809578161249341
0.007911900811064264
0.00801461531408076
0.008117716181382085
0.008221178931157582
0.008324996550554003
0.008429147264891707
0.008533620188600748
0.008638398693614447
0.008743466314963397
0.008848812199787106
0.008954415002009322
0.009060267840605863
0.009166347004791789
0.009272647207159378
0.009379144820310175
0.009485833868340026
0.009592693123620247
0.009699713795801153
0.009806879183443513
0.009914176007634065
0.01002159325384682
0.010129113145790462
0.01023672893864232
0.010344420620688563
0.010452183525385118
0.01055999761605462
0.010667858286088785
0.01077574742761011
0.010883658742073891
0.010991577711532991
0.011099494949001509
0.011207400693986248
0.011315282110318464
0.011423133339915752
0.011530939700758896
0.011638697479741762
0.011746391938709164
0.011854019892929545
0.011961568014955508
0.01206903234788738
0.012176402113416683
0.012283671599658182
0.012390833388104733
0.012497879620084775
0.012604805896775184
0.012711603051748267
0.012818268492148134
0.01292479301195298
0.013031174672038737
0.013137405178977183
0.013243482390130328
0.013349399586331957
0.013455153829564939
0.013560740380808603
0.013666155224025454
0.013771395546987898
0.013876456532985639
0.013981336601259112
0.0140860308612886
0.014190538258723396
0.014294854340706598
0.014398978076641885
0.014502905772420418
0.014606636078376306
0.014710166243665454
0.014813494378586013
0.01491661873070054
0.015019536848038112
0.015122247692504715
0.015224748524162309
0.01532703865968525
0.015429115301327472
0.015530977823193532
0.01563262354430995
0.01573405162744494
0.01583525968477598
0.015936246374416128
0.016037009828570172
0.016137547933695155
0.016237859378302227
0.016337941269755955
0.01643779267558903
0.016537410082281538
0.0166367926671415
0.016735936530655245
0.016834840598683624
0.0169335009412706
0.01703191574042549
0.017130081547805678
0.01722799524472104
0.01732565426779706
0.017423053959920352
0.017520192518522975
0.017617064038842528
0.017713667074832636
0.01780999493990529
0.017906045971194415
0.01800181335130002
0.018097294449817683
0.01819248315971843
0.018287375020207615
0.01838196546708982
0.018476247712035876
0.01857021865618884
0.01866386967200244
0.018757198505560454
0.01885019547843326
0.01894285835376454
0.019035177363276617
0.019127149312517303
0.01921876544638962
0.019310020545112834
0.019400908017447552
0.01949141990732621
0.019581551864087346
0.01967129374541885
0.019760642644513746
0.019849587327885734
0.019938125302458434
0.020026245416236054
0.0201139445219992
0.020201212736375415
0.020288045219492745
0.020374434485921602
0.020460373300333963
0.020545856874286228
0.020630875983634778
0.020715427692159467
0.020799502055570428
0.020883096906803674
0.02096620276356858
0.021048817279403522
0.021130932442556392
0.02121254500058495
0.021293649157255547
0.0213742404066216
0.02145431535704053
0.021533868650494198
0.021612898539294274
0.02169139995736422
0.02176937191715673
0.02184681055679237
0.02192371508757717
0.022000083371831725
0.022075914695627155
0.022151208680481704
0.022225965086871274
0.022300184767843054
0.022373868820447153
0.022447018565126316
0.022519637265802524
0.022591726271782128
0.022663291337640175
0.02273433395716426
0.022804862092110665
0.02287487813830918
0.022944391293104292
0.023013406329940235
0.023081931950155073
0.02314997715350038
0.02321754882496965
0.023284661021298045
0.023351318903798827
0.023417541005886708
0.02348333183306189
0.023548713028473642
0.023613690315860657
0.02367828623760748
0.023742510467225503
0.02380638334579608
0.02386992172077356
0.023933140922191686
0.023996066657037757
0.024058709639683297
0.02412110281157944
0.024183254474952332
0.024245202142967985
0.02430695486023674
0.024368551118914727
0.024430004785761805
0.024491350796849366
0.024552612636205
0.02461381685398749
0.02467499978979434
0.024736179566276044
0.024797403233011207
0.024858683735763325
0.02492007475408021
0.024981588566118196
0.02504328046649112
0.025105167486152404
0.025167300609778225
0.02522970789399037
0.02529242929839111
0.025355508995067486
0.02541897421886465
0.025482883840526965
0.025547256275646746
0.025612159579538045
0.02567760918607983
0.025743675967444882
0.025810379025169288
0.025877784888808604
0.02594592372089566
0.026014849831333977
0.026084611203040745
0.026155245311630687
0.026226818827817806
0.026299356253892087
0.02637293624811082
0.026447577322710282
0.026523362581462567
0.02660031221140201
0.02667850562814345
0.02675797288735956
0.026838781098196277
0.026920978212431834
0.027004611797892118
0.027089751082724503
0.027176426777490586
0.027264722765688296
0.027354660442377915
0.027446329912998075
0.027539751629822567
0.027635013167259713
0.027732142653796775
0.027831216193666977
0.027932278209926862
0.028035384683431957
0.02814060165633881
0.028247965331897888
0.02835755845862207
0.028469404794424814
0.028583594847781415
0.028700148623347632
0.028819155451455813
0.028940640189526797
0.02906468220991892
0.029191319592196036
0.029320613281913238
0.029452620796088163
0.02958738194431493
0.029724971830021506
0.02986541548980808
0.030008796651267156
0.030155134126931365
0.030304511636201334
0.0304569498870479
0.030612524479190845
0.030771265542930002
0.030933233117689314
0.031098472845718907
0.031267024675759945
0.03143895037816916
0.031614274431024166
0.031793067014647666
0.031975344810122555
0.03216117859682499
0.03235058441785559
0.03254362670617282
0.032740327105175
0.03294073775055378
0.033144890939038045
0.033352822096933146
0.03356457577038369
0.033780173255326916
0.03399966593626913
0.034223067119052625
0.03445042853524615
0.034681761266206715
0.03491711204908632
0.035156494327132436
0.03539994574058298
0.035647485422293096
0.03589913912366456
0.036154932844297445
0.036414881510031874
0.03667901497060138
0.03694734163624145
0.037219890464125854
0.03749666737479287
0.03777769702116088
0.03806298553241519
0.038352551208719915
0.03864640173829522
0.03894454839280757
0.039247000297965885
0.039553762759729647
0.03986484448873716
0.040180247432041793
0.04049997728604289
0.040824034680216094
0.04115242097842034
0.0414851362304982
0.04182217748678552
0.0421635436688616
0.04250922881022952
0.042859228985965434
0.04321353756673961
0.043572145677488267
0.043935047627259964
0.04430222888663376
0.04467368484086869
0.04504939604370606
0.04542935784818298
0.04581354777925768
0.0462019589794712
0.04659456885795668
0.04699136524072034
0.047392329191142335
0.047797440263884314
0.04820668492307616
0.04862003449559639
0.049037479585243356
0.0494589858268199
0.049884545312522906
0.05031412133807243
0.05074770411449378
0.0511852585924938
0.05162676919462917
0.05207220697378888
0.05252154694177433
0.052974769061214
0.05343183842738812
0.05389274203336457
0.054357438808143047
0.05482591909219895
0.055298139892744784
0.055774090898466896
0.056253731617729556
0.05673704700948759
0.057224003483515466
0.057714577558333896
0.058208745979942494
0.0587064756357318
0.059207751992043485
0.059712536089267174
0.06022081817680033
0.06073255790657634
0.061247746301778636
0.06176634579242863
0.06228834453668759
0.06281371143697148
0.06334242872020457
0.06387447472482899
0.06440982447895509
0.064948464876839
0.065490366555062
0.06603552151662155
0.06658389998595207
0.06713549565469108
0.06769028162183947
0.06824825058337626
0.06880938097963277
0.06937366267644542
0.06994108099929255
0.0705116224237851
0.07108527869745643
0.07166203457357331
0.07224188571392763
0.07282481802227364
0.07341082874738246
0.07399990688000968
0.07459204987751056
0.07518725074840144
0.07578550677164614
0.0763868148763145
0.0769911727791909
0.07759858019883048
0.0782090367093257
0.07882254325958489
0.07943910260497547
0.08005871601752225
0.08068138977514455
0.08130712554000459
0.08193593245555805
0.08256781358509085
0.08320277934355737
0.08384083604683377
0.08448199302750084
0.08512626175798103
0.08577364931543797
0.08642417246894074
0.08707783646858895
0.08773466214607936
0.08839465434587816
0.08905783592579707
0.08972421346643608
0.09039380914352696
0.0910666339975704
0.0917427062913428
0.09242204402161067
0.09310465991237474
0.09379057888663336
0.0944798094406693
0.09517238089789502
0.09586829999546594
0.09656759747147087
0.09727028113914686
0.09797637987918728
0.09868590560827604
0.09939888197068217
0.10011532768126985
0.10083525888190625
0.10155870151353485
0.10228566573956777
0.10301618164316427
0.1037502563709639
0.10448792079233239
0.10522918202842758
0.10597406852264593
0.10672259013737831
0.10747476999616509
0.10823062298641703
0.1089901647720232
0.10975341586160092
0.11052038564671716
0.11129109757706879
0.11206555754567203
0.11284378884894858
0.11362579647311487
0.11441160100640248
0.11520120852670575
0.1159946350364498
0.1167918889808586
0.1175929807015231
0.11839792110181233
0.1192067157346433
0.12001937612411193
0.120835905116448
0.1216563126079949
0.12248060043755733
0.12330877545902089
0.12414083934906545
0.1249767954178163
0.12581664510323967
0.12666038864066778
0.12750802622862129
0.1283595563720896
0.12921497652120081
0.13007428470985258
0.1309374746879709
0.13180454446230597
0.1326754841146788
0.13355029109722955
0.13442895285387077
0.13531146478090086
0.13619781370289624
0.13708799060802782
0.13798198436946327
0.13887977948666463
0.13978136772232283
0.1406867273454272
0.1415958521242715
0.14250871567847043
0.14342531184435178
0.14434561210490202
0.1452696075458588
0.14619727088883824
0.14712858686813274
0.14806353353022006
0.14900208614805077
0.14994422942260846
0.15088992974500678
0.151839176574141
0.15279193045271042
0.15374818238778798
0.15470789084298664
0.15567104449710956
0.15663760412459646
0.15760755165375653
0.15858085505233965
0.15955748548512444
0.1605374208828879
0.16152062131741038
0.16250707237390485
0.16349672718651956
0.16448957482321935
0.16548556614404636
0.16648468914499506
0.16748689737051894
0.16849217298003846
0.1695004772998489
0.17051178220494434
0.1715260607742435
0.17254327314024376
0.17356340222717842
0.17458640073337106
0.17561225689219484
0.17664092106708823
0.17767238203542246
0.17870659283802598
0.1797435382098604
0.18078317861989304
0.18182549059889425
0.18287044614578593
0.18391801161464041
0.18496816960774726
0.18602087973472373
0.18707613097168918
0.1881338811939573
0.18919412130573635
0.19025681195168098
0.191321942119917
0.19238947903569972
0.19345940671496462
0.19453170189438584
0.19560634219499085
0.19668331375439574
0.1977625899794962
0.19884416298117527
0.19992800629046686
0.20101411443910683
0.2021024644782854
0.2031930508477853
0.2042858563771868
0.2053808741305074
0.20647809364907518
0.20757750683856213
0.20867910911338583
0.20978289326017413
0.21088885805805627
0.21199700010713127
0.21310731952619882
0.21421981839229182
0.21533449757262463
0.21645136471240303
0.21757042248390346
0.2186916824501489
0.21981515189777118
0.22094084293019361
0.22206877104354653
0.22319894652194766
0.22433139462109902
0.22546612368139912
0.22660316802167219
0.22774253592407565
0.22888426812148843
0.23002837672094587
0.2311749041412706
0.23232387230688545
0.233475318416955
0.23462928076283418
0.23578578707310702
0.23694489372781935
0.23810662059054366
0.23927103849156356
0.24043816425977232
0.24160807731990114
0.2427807985120204
0.24395640772963428
0.24513493911994766
0.2463164626300148
0.24750103593102107
0.24868871032344472
0.24987957147114193
0.2510736543585272
0.2522710660787088
0.25347183322921496
0.2546760749970149
0.25588381991447545
0.2570951876833938
0.2583102212537349
0.2595290271116091
0.2607516765293724
0.2619782489048123
0.263208852434585
0.2644435402965091
0.26568245000462076
0.2669256189180211
0.26817320106674325
0.2694252314120385
0.2706818657529408
0.27194315187302387
0.27320923086515947
0.27448018004899705
0.2757561080704279
0.27703713446876355
0.27832333192948766
0.2796148569366209
0.2809117577637611
0.28221421195070756
0.28352225936673464
0.2848360813621729
0.2861557265670449
0.28748136187611456
0.2888130626517286
0.29015096241637495
0.2914951785926021
0.29284580136419774
0.29420299050226595
0.2955668036818037
0.29693742523692196
0.2983148979329517
0.2996994119697027
0.301091013213451
0.302489878950782
0.30389607600542856
0.3053097503326119
0.30673100576813717
0.30815994293937354
0.3095967076621797
0.3110413629959904
0.31249408046477384
0.3139549028324821
0.3154240085378645
0.3169014375798296
0.31838735750910463
0.3198818218737038
0.32138497098414615
0.32289688639813025
0.32441766728984633
0.32594743012365157
0.32748623626479506
0.32903422540577987
0.3305914361133819
0.3321580139632356
0.33373399033932083
0.33531950142091826
0.33691458477411834
0.3385193543847523
0.34013386471543683
0.3417581976322272
0.34339243003091124
0.3450366114327022
0.34669083487530894
0.34835512901076837
0.35002958875352375
0.3517142341651271
0.3534091507177636
0.355114359054487
0.35682992721014173
0.35855588216101064
0.360292270106642
0.3620391260128565
0.3637964749516279
0.3655643555247827
0.36734277939085513
0.3691317795570019
0.3709313618098381
0.3727415473722778
0.37456234018321954
0.37639374736224074
0.3782357711396276
0.3800884062075771
0.3819516492919559
0.3838254882580392
0.3857099079156168
0.3876048951339874
0.38951041826085064
0.3914264655500336
0.39335298860220774
0.3952899753602245
0.3972373644534413
0.3991951378231081
0.4011632289279387
0.40314160408405814
0.40513020331497845
0.40712896635761037
0.40913784786775237
0.4111567575361734
0.4131856627981485
0.4152244492223244
0.4172730894723886
0.41933145480065376
0.4213995118007983
0.423477130910003
0.4255642578141912
0.4276607790991187
0.42976660335593264
0.4318816476572544
0.43400577643860344
0.43613893361061556
0.4382809504320321
0.44043178487494133
0.44259125033074187
0.44475930255400004
0.44693575543412056
0.44912054337329743
0.4513135018359178
0.453514523049117
0.45572348503329235
0.4579402252069914
0.46016466264379374
0.46239659199582844
0.4646359572183436
0.4668825300845893
0.46913625913802115
0.471396915346125
0.47366442958223204
0.47593859585259934
0.4782193036100708
0.4805063949246129
0.4827997000848596
0.48509911422123503
0.4874044160938068
0.4897155368580359
0.49203222697795657
0.49435443054017686
0.49668189412701236
0.4990145506975482
0.5013521681111262
0.5036946436089893
0.5060417917965967
0.5083934533683976
0.510749503432549
0.5131097253404973
0.5154740396957689
0.517842196868752
0.5202141386809858
0.522589607819741
0.5249685428240813
0.5273507037345347
0.5297360017458845
0.532124238634113
0.5345152764298415
0.5369089777285772
0.5393051477223242
0.5417037000184917
0.5441044038445713
0.546507200777104
0.54891184883581
0.5513182939025868
0.553726306405571
0.5561358141299598
0.5585466220811396
0.5609586192805711
0.5633716652011115
0.5657855985851536
0.5682003307460983
0.5706156637463586
0.5730315409983153
0.5754477508329923
0.5778642470225562
0.5802808253188265
0.5826974299618914
0.5851138832953492
0.5875301021423313
0.5899459524914356
0.5923613114130336
0.5947760930955073
0.5971901396575221
0.5996033983767869
0.6020156963880217
0.6044269951033804
0.606837124672932
0.6092460437560726
0.6116536013230042
0.6140597385379519
0.6164643368119996
0.6188673083627598
0.6212685749953866
0.6236680188856764
0.6260655926302021
0.6284611631783886
0.630854698700524
0.6332460655066582
0.6356352335543223
0.6380220810347053
0.6404065678588354
0.6427885947037566
0.645168101591691
0.6475450199412569
0.6499192658264505
0.652290797210967
0.6546595149744345
0.6570253924154126
0.659388326596785
0.6617482951633626
0.6641052011108691
0.6664590169161576
0.6688096598883456
0.6711570890277576
0.6735012432531439
0.6758420626616091
0.6781795083955252
0.6805135046573719
0.6828440272192007
0.6851709931936083
0.6874943841392044
0.6898141179222292
0.6921301738487773
0.6944424777294622
0.6967509990739476
0.6990556784906171
0.7013564691800456
0.7036533308391347
0.7059461989729319
0.7082350479689958
0.710519802248981
0.7128004434895171
0.7150768920430457
0.7173491293512596
0.7196170787966958
0.7218807138613521
0.7241399684180851
0.7263948000743014
0.7286451604557986
0.730890986507295
0.733132246403295
0.7353688609111766
0.7376008081495669
0.7398279999957394
0.7420504165904821
0.7442679688931082
0.7464806304139918
0.7486883200227696
0.750890995080532
0.7530885921464984
0.7552810446505747
0.757468309622789
0.7596502982429245
0.7618269818687278
0.7639982579117521
0.7661641030354316
0.7683244103736135
0.770479151901332
0.7726282269968607
0.7747715919856687
0.7769091640116716
0.77904087349758
0.781166662940445
0.7832864346757215
0.7854001512463403
0.7875076966631152
0.7896090431958078
0.7917040677304743
0.7937927409290482
0.7958749445897059
0.7979506357304977
0.8000197137490318
0.8020821101312778
0.8041377530542145
0.8061865428994732
0.8082284334039557
0.8102633031970697
0.8122911206260718
0.8143117551562751
0.8163251774996494
0.8183312608479512
0.8203299659071828
0.8223211824852976
0.8243048491730216
0.8262808847334515
0.828249198090429
0.8302097371068229
0.8321623877173587
0.8341071164353888
0.8360437993871227
0.8379724093807656
0.8398928254469629
0.8418050149826655
0.8437088718115039
0.8456043472163784
0.8474913605195518
0.8493698394329461
0.851239732275179
0.853100945932405
0.8549534489545595
0.8567971398550012
0.8586319960606571
0.8604579190248028
0.8622748851087674
0.8640828083595872
0.8658816559269437
0.8676713621295735
0.8694518794104221
0.8712231661106977
0.8729851608033852
0.8747378396194841
0.8764811368256771
0.8782150374181136
0.8799394800643273
0.881654451479879
0.8833599010873585
0.8850558126069248
0.8867421499948791
0.8884188919423424
0.8900860178140125
0.8917435029272078
0.8933913377337015
0.8950295001812514
0.8966579861772618
0.8982767814076038
0.8998858837122923
0.9014852888190962
0.9030749957993179
0.9046550098172831
0.9062253333821961
0.9077859775148706
0.9093369527667607
0.9108782711066785
0.9124099554001317
0.9139320160957507
0.9154444892391107
0.9169473843825062
0.9184407486334231
0.919924594226005
0.9213989742330717
0.9228639100874053
0.9243194527834449
0.9257656416122245
0.9272025168180288
0.9286301414379615
0.9300485442605018
0.9314578090660672
0.9328579579483668
0.9342490888751633
0.9356312250905231
0.9370044693438642
0.938368856671185
0.9397244824349822
0.9410714064744373
0.9424097029431596
0.943739466357424
0.945060747817674
0.946373672172851
0.9476782754716263
0.9489747021428
0.9502629850879625
0.9515432749383624
0.952815615931939
0.9540801489976634
0.9553369466743842
0.9565861218620377
0.9578277902199551
0.959062029537439
0.9602889973334348
0.9615087458868766
0.9627214599829765
0.9639271820584335
0.9651261071697321
0.9663182859520215
0.967503904412176
0.9686830417266885
0.9698558532713252
0.9710224665737939
0.9721829909167945
0.9733376080169046
0.974486389732327
0.9756295549759447
0.9767671569580942
0.9778994314432052
0.9790264343658688
0.9801483958011497
0.981265397962019
0.9823776405357665
0.983485256601494
0.9845883919689972
0.9856872444638993
0.9867819100029395
0.9878726356446863
0.9889594878677811
0.9900427394110247
0.9911224518648093
0.9921988979767744
0.9932721610953942
0.9943424862223879
0.9954100070616034
0.9964749113876084
0.9975374048376124
0.9985976127274363
0.9996558037651437
1.000712061121904
1.001766689864229
1.0028197586304193
1.0038715801036797
1.004922237981845
1.0059720218603172
1.007021061991971
1.0080695923024405
1.0091178175622089
1.01016589769011
1.0112141148177929
1.0122625725856178
1.0133116014251424
1.014361278968387
1.0154119522736111
1.0164637052495527
1.0175168681899667
1.0185715651824756
1.019628074802545
1.0206865943727466
1.0217473212979014
1.0228105403936656
1.0238763790687706
1.0249451828243004
1.0260170402532962
1.0270923232582918
1.028171116166545
1.0292537816990044
1.030340435626396
1.0314313948401312
1.0325268427664258
1.0336270142451969
1.034732183797805
1.0358425044302795
1.036958323132067
1.0380797408550602
1.039207140729154
1.0403406078280364
1.0414805243941871
1.0426269963323311
1.0437803675707538
1.044940801779017
1.0461085670645798
1.0472839140703003
1.0484670207049485
1.049658219827316
1.0508576249514596
1.0520656138272046
1.053282272453758
1.054507985962211
1.0557428495718513
1.056987218669834
1.0582412338644234
1.0595051844092713
1.0607792882572002
1.0620637431157893
1.0633588520832764
1.0646647396396482
1.0659817604794322
1.0673100011757075
1.0686498311304156
1.0700013346892976
1.071364860293803
1.0727405243433015
1.0741286202289528
1.0755293281644782
1.076942856633042
1.0783694654423044
1.0798092860875548
1.0812626335261342
1.0827295935179588
1.0842105010573746
1.0857054296686073
1.0872147013271138
1.0887384085943113
1.0902768297752676
1.0918301051694372
1.0933984415074753
1.094982045506299
1.0965810488299452
1.0981957126241673
1.0998261188020808
1.1014725507414962
1.103135070806408
1.1048139552750564
1.1065092741351745
1.1082212704335914
1.1099500455929074
1.111695786827175
1.1134586443481096
1.1152387390916767
1.1170362679208714
1.1188513035280039
1.120684062901638
1.1225345957561061
1.1244031146666105
1.1262896683842747
1.128194444501315
1.1301175086948334
1.132059007294016
1.13401903573652
1.135997689248314
1.137995094192118
1.140011305617918
1.142046462487897
1.1441005984675416
1.146173846422559
1.1482662344648793
1.150377875383301
1.1525088027097417
1.1546591001934505
1.1568288125922181
1.159017991007611
1.1612266900948252
1.1634549352630503
1.1657027798924589
1.167970235697217
1.1702573429867393
1.1725641084424079
1.1748905529196874
1.1772366812096475
1.1796024940009122
1.1819879915748865
1.1843931596426087
1.1868179859820973
1.1892624508166385
1.191726519983466
1.1942101746487952
1.1967133548039843
1.1992360431659659
1.2017781560280194
1.2043396722124196
1.2069204926165973
1.2095205805517528
1.212139836095625
1.2147781900006671
1.2174355599531355
1.2201118297582962
1.222806939262218
1.2255207280008364
1.2282531505459482
1.231004013584342
1.2337732719002046
1.2365607170909545
1.2393662833895247
1.2421897713487182
1.2450310679301926
1.2478900122441545
1.2507664205167062
1.2536601798403781
1.2565710391657396
1.2594989198121926
1.2624435245252261
1.265404785208067
1.2683823855578058
1.2713762385472436
1.2743860417866582
1.277411654258351
1.2804528258848675
1.283509328341079
1.286580986611984
1.2896674800331631
1.2927686920993218
1.2958842399632473
1.2990140334832956
1.3021576634557133
1.3053150288837874
1.3084857347862244
1.311669627722151
1.3148663716461106
1.3180757189016274
1.3212974299349336
1.324531145334305
1.327776708870243
1.3310336828094136
1.3343019564010854
1.33758105658806
1.3408708749095586
1.3441709491128435
1.347481127182341
1.3508010060913467
1.3541303434913758
1.357468842820836
1.3608161428033287
1.3641720507311756
1.3675361138357949
1.3709082041210652
1.3742878252175201
1.3776748670609396
1.3810688386117054
1.3844696004342598
1.3878767158083645
1.3912899690875238
1.3947090259132033
1.3981335599469786
1.401563352601737
1.4049979792532692
1.4084373014063387
1.4118808459463499
1.4153285070031907
1.4187798114771324
1.4222346404655035
1.4256925670469582
1.4291534164491078
1.4326168507535841
1.4360826048760136
1.4395504546218347
1.4430200427459408
1.4464912314850769
1.4499636161689493
1.4534371016839642
1.456911280589828
1.4603860595495013
1.4638610683752422
1.4673361796382607
1.4708110949309579
1.4742856237656372
1.477759564527822
1.4812326555812314
1.484704775806949
1.488175625042779
1.4916451269358455
1.4951129803175278
1.4985791203888612
1.5020432759619253
1.5055053673269434
1.5089651771186916
1.5124225915716227
1.515877463281364
1.5193296383067278
1.5227790316058263
1.526225468115848
1.5296688997504824
1.5331091579079692
1.5365462082289105
1.5399799083593813
1.5434102222611115
1.5468370455417204
1.550260333111852
1.5536800220331484
1.5570960596942418
1.5605084175044381
1.563917047108535
1.5673219387741595
1.5707230636747673
1.5741204193296827
1.5775140038354336
1.580903818313234
1.5842898870317073
1.5876722189747483
1.5910508559242165
1.5944258262125224
1.597797174087182
1.6011649606512863
1.6045292231835446
1.6078900594369339
1.611247499631188
1.6146016731060013
1.617952610772758
1.6213004611665147
1.6246452705639545
1.6279871875809464
1.6313262946949403
1.6346627157922637
1.6379965891196502
1.6413280033132829
1.6446571515436408
1.6479840959016177
1.651309068072732
1.6546321213446347
1.6579535038177902
1.6612732828806618
1.6645916961659233
1.667908852284626
1.6712249477277816
1.6745401577364656
1.6778546189913648
1.6811685767224849
1.684482120714277
1.687795541137739
1.6911089060878128
1.6944225217505056
1.6977364627074332
1.7010510199414335
1.7043663043853932
1.707682559458002
1.7109999606385817
1.7143186780625654
1.7176389615182028
1.7209609191116562
1.7242848481889546
1.7276108231047127
1.7309391565966512
1.7342699192408226
1.737603407473024
1.7409397170221734
1.744279097971631
1.7476216975484902
1.7509676934045784
1.7543172970699876
1.757670619118427
1.7610279142655787
1.7643892525471345
1.7677549004226396
1.771124915479266
1.7744995476739445
1.7778788665757517
1.7812630816364274
1.7846522941734335
1.7880466543494424
1.7914463052496181
1.7948513375459907
1.7982619237433466
1.8016781162888276
1.805100090420617
1.8085278830016287
1.8119616508077636
1.8154014319235194
1.8188473498182516
1.8222994540131556
1.8257578268606023
1.8292225315312531
1.8326936114288561
1.8361711342498865
1.8396551191962758
1.8431456210494486
1.8466426486304404
1.8501462325822202
1.8536563781451199
1.8571730883126936
1.8606963638016176
1.8642261844623682
1.8677625377049103
1.8713053925168865
1.874854709546363
1.8784104583012422
1.8819725644264917
1.8855410016257474
1.8891156612219495
1.8926965165023955
1.89628343331448
1.899876371928208
1.9034751896203392
1.9070798132320714
1.910690116176804
1.9143059693948687
1.9179272782752463
1.92155385202111
1.9251856231272433
1.9288223523745849
1.932463983047383
1.936110248485683
1.9397610791335904
1.9434162090422762
1.9470755254232246
1.950738797746973
1.9544058376563544
1.9580764781156283
1.961750442546395
1.9654276186896498
1.9691076654103572
1.972790498632608
1.9764757443504057
1.9801633136796466
1.9838528369205242
1.9875441824065654
1.9912370265249761
1.9949311545332442
1.998626329087621
2.0023222295892493
2.006018699955774
2.009715339654807
2.0134120410013794
2.0171083634542217
2.0208042078815462
2.024499136919582
2.0281930174200786
2.0318854606130987
2.0355762552186873
2.0392651072165258
2.0429516961224596
2.046635829049254
2.0503170940667426
2.0539953655771037
2.057670185157712
2.0613414508744876
2.0650087035533655
2.068671821003495
2.072330388794721
2.075984221274632
2.0796329930049184
2.0832764204199092
2.086914287922796
2.0905462167432383
2.0941720717391115
2.097791424197544
2.101404175705452
2.1050098923983223
2.1086084704877837
2.11219951323616
2.1157828722387912
2.1193582268189
2.122925350819652
2.126484027100172
2.130033943725995
2.133574967173944
2.137106736990016
2.1406291642173105
2.144141880540198
2.147644804066286
2.1511375949599607
2.154620145412064
2.158092175514692
2.1615535239273456
2.1650039957860354
2.1684433643430876
2.1718715109071423
2.1752881674138034
2.1786932603952303
2.18208651444283
2.1854678705803914
2.188837074531536
2.1921940566321307
2.1955386064310654
2.198870624187558
2.2021899599979626
2.2054964743829846
2.208790077260728
2.212070600791629
2.2153379931065937
2.218592083433185
2.2218328355998436
2.225060095472902
2.2282738259449135
2.231473903082485
2.2346602781092337
2.237832864918914
2.2409915989166347
2.2441364312864445
2.2472672875103537
2.2503841430001867
2.253486928401652
2.2565756299707207
2.259650194010577
2.2627106095302127
2.2657568433162907
2.2687888845211845
2.271806719848678
2.2748103411661695
2.2777997494731204
2.2807749460094398
2.283735937990589
2.2866827427207017
2.289615368575321
2.2925338509058357
2.2954381990722936
2.298328463540972
2.301204659176423
2.304066844106827
2.3069150475150093
2.3097493236347155
2.3125697264346
2.315376297684959
2.318169119892137
2.3209482232776333
2.323713713465281
2.326465615794699
2.3292040496477817
2.331929045871567
2.3346407247419574
2.337339136295028
2.340024385764067
2.342696557204489
2.345355727377798
2.348002020710083
2.350635488869902
2.3532562862129844
2.3558644511806985
2.3584601537340104
2.361043434000791
2.3636144607193685
2.3661732929439716
2.368720079249552
2.371254916124533
2.3737779133361023
2.376289215899515
2.378788896313002
2.3812771371507777
2.383753988328136
2.386219652094437
2.3886741739388984
2.3911177562751984
2.3935504598149056
2.395972466316486
2.398383872513538
2.4007848177797553
2.403175450478165
2.4055558631332796
2.4079262493650466
2.4102866698296714
2.412637343180925
2.414978318490508
2.417309818294834
2.4196319011956486
2.4219447717722007
2.424248519874111
2.426543309809098
2.4288292814743437
2.431106546262712
2.4333752957905337
2.435635601273663
2.4378876852394544
2.4401315999754067
2.4423675769213107
2.444595671285706
2.4468161011847958
2.4490289467749777
2.451234390527498
2.4534325583505847
2.4556235785657856
2.4578076315247213
2.459984799068945
2.4621552982758943
2.464319185052375
2.466476690932178
2.468627867924889
2.470772939835742
2.472911976685348
2.4750451725596583
2.477172636999096
2.479294513167855
2.481410963838848
2.483522081514158
2.4856280710257117
2.4877289925767587
2.489825070934732
2.491916355824769
2.4940030701476736
2.496085274613941
2.49816316886067
2.5002368456090087
2.5023064603175773
2.504372154260156
2.506434030266964
2.508492275961058
2.5105469564410345
2.512598284280659
2.514646308055091
2.5166912441331792
2.5187331453264132
2.5207722112172735
2.522808519011676
2.524842231561343
2.526873468357079
2.5289023410864413
2.530929016599069
2.532953565186269
2.5349761829347144
2.5369969183237697
2.539015976389925
2.5410334036439313
2.5430493944979644
2.5450640126022606
2.5470774229346156
2.5490897242818393
2.5511010351681955
2.553111499329079
2.555121192123614
2.5571302899059156
2.55913884185946
2.5611470377237926
2.563154919256879
2.565162671175627
2.5671703457186927
2.569178105038809
2.571186028876899
2.57319424018578
2.575202858395563
2.5772119632998534
2.5792217092637473
2.58123214659368
2.583243446573679
2.585255647527349
2.5872689205390182
2.5892833085228397
2.5912989662000476
2.5933159566712316
2.5953344031265835
2.597354401773357
2.599376035108174
2.6013994340281097
2.603424649827431
2.605451832728079
2.6074810185121944
2.6095123609967583
2.6115458955621267
2.6135817649453372
2.6156200181453353
2.617660773254873
2.619704105337416
2.621750096722429
2.623798853774706
2.6258504277670776
2.627904945326903
2.629962439891865
2.6320230441192383
2.6340867870982683
2.636153794484866
2.638224103250051
2.6402978203057885
2.642375001376526
2.6444557242998434
2.646540069978643
2.64862808725208
2.650719876249949
2.6528154671896504
2.654914966862928
2.6570183985000715
2.6591258644196856
2.66123739099368
2.6633530664905187
2.665472928911958
2.667597044599314
2.669725468756784
2.6718582431588107
2.6739954381611635
2.6761370783598015
2.6782832390683184
2.6804339370193153
2.6825892436355154
2.684749175393898
2.6869137928974807
2.689083117965079
2.691257195542108
2.693436055974984
2.6956197266698303
2.6978082453073022
2.700001626545933
2.7021999084563957
2.704403099355846
2.7066112316769706
2.7088243119742215
2.7110423633487883
2.7132653927591583
2.7154934127856136
2.717726430380762
2.719964449085992
2.7222074728348318
2.7244555000381574
2.726708527237094
2.7289665510915064
2.7312295581754853
2.733497544407074
2.735770486540564
2.7380483779992493
2.7403311887110338
2.7426189049806586
2.744911495847062
2.74720893382546
2.749511193302539
2.751818228514975
2.7541300201667323
2.756446505641533
2.7587676689448917
2.7610934350923193
2.7634237853862884
2.765758639971466
2.768097968466989
2.770441696652352
2.772789771255866
2.7751421349926595
2.7774987041213897
2.7798594387162154
2.7822242291581
2.784593045964047
2.7869657627076982
2.7893423500154784
2.791722676645287
2.794106700178397
2.7964942993428976
2.7988854030442862
2.8012799167981783
2.8036777286141765
2.806078773923341
2.808482904521086
2.8108900759878757
2.813300117446051
2.8157129902068325
2.8181285168039656
2.820546647465046
2.822967216523714
2.8253901441661524
2.8278152969483377
2.8302425483182367
2.8326718068424146
2.835102899288087
2.8375357654927638
2.839970202957371
2.8424061648876213
2.844843438923479
2.8472819719587217
2.849721562787067
2.8521621308702074
2.8546035084566217
2.8570455674381736
2.8594881904768403
2.861931195341338
2.86437450636433
2.866817905505566
2.869261338934329
2.8717045744906105
2.87414755860252
2.876590067514185
2.8790320256466666
2.8814732406915606
2.883913592998068
2.8863529432150217
2.888791115308508
2.8912280194601174
2.8936634379957322
2.896097311006994
2.8985294020199643
2.9009596585663466
2.9033878483312057
2.9058139038012243
2.908237619643143
2.9106588910395734
2.9130775620932754
2.9154934746236085
2.917906526784419
2.920316514032397
2.9227233712045257
2.9251268703474147
2.9275269605235743
2.9299234128909037
2.9323161687680646
2.934705020347542
2.937089879875405
2.9394705817673783
2.9418469913407606
2.944218997454556
2.9465864168572424
2.948949179747893
2.9513070752886
2.953660053700784
2.956007898064138
2.958350557669151
2.9606878301606265
2.9630196438172294
2.965345830575357
2.9676662793896176
2.9699808727321444
2.972289452546839
2.9745919448318077
2.9768881604867934
2.9791780501590326
2.981461413900774
2.9837382073577317
2.9860082389602938
2.9882714506868644
2.9905276775680543
2.992776830322529
2.9950187876056344
2.997253417770394
2.9994806431888534
3.001700298748583
3.003912334940945
3.006116571985791
3.008312970292736
3.0105013531705933
3.0126816738178075
3.0148537753041262
3.0170175876093426
3.0191729890967363
3.0213198742673804
3.0234581634132858
3.025587717085288
3.027708485770263
3.0298203129729133
3.0319231628861933
3.034016878166651
3.0361014212851303
3.038176649006961
3.04024250795138
3.0422988826144746
3.0443456918909755
3.0463828576119663
3.0484102679702625
3.050427874886515
3.052435549033968
3.0544332583846128
3.05642087049924
3.058398355931691
3.0603655920488904
3.0623225400662233
3.064269098468528
3.0662052089868164
3.0681308004828582
3.0700457905583116
3.0719501355791516
3.0738437373832834
3.0757265688052833
3.0775985281425546
3.0794595935293607
3.0813096701723355
3.0831487321478295
3.0849767001455626
3.0867935367290387
3.0885991846835994
3.0903935910234663
3.092176720885752
3.0939485095839725
3.0957089367647472
3.0974579355398597
3.099195491577163
3.1009215433548505
3.102636076038885
3.1043390390102266
3.106030412416995
3.107710160040482
3.1093782548299957
3.111034675435747
3.112679389406547
3.1143123854060653
3.1159336315119237
3.1175431210044415
3.1191408269387075
3.1207267436074075
3.122300851511658
3.1238631442539173
3.125413610365434
3.126952242860996
3.1284790370850946
3.1299939872881675
3.1314970927149104
3.132988351597797
3.1344677646431114
3.135935335466014
3.137391065372101
3.138834963073619
3.1402670311855565
3.1416872817322563
3.14309572072561
3.144492360426366
3.1458772129766155
3.147250288286246
3.148611605848849
3.149961173008966
3.151299015405414
3.152625139245074
3.153939573906249
3.155242326970052
3.1565334281793387
3.1578128898601894
3.1590807380044534
3.160336993280173
3.161581674529693
3.16281481216613
3.1640364187413414
3.165246531611439
3.166445160007544
3.1676323445315724
3.1688080947159185
3.1699724502664806
3.1711254250246577
3.172267053387068
3.1733973575964214
3.1745163626410915
3.17562410138766
3.176720590055655
3.1778058693308155
3.1788799502120946
3.179942877035434
3.1809946597074767
3.182035341946783
3.183064936815044
3.184083483096687
3.185091001347578
3.1860875210673547
3.1870730735100343
3.188047678175623
3.1890113757050207
3.189964178882803
3.1909061336716498
3.1918372504328407
3.1927575763119624
3.1936671237190386
3.1945659366569323
3.1954540343770077
3.196331453057065
3.1971982233594813
3.1980543705918265
3.1988999381052503
3.1997349426895108
3.200559436727919
3.201373432946638
3.2021769884863556
3.2029701171335505
3.203752875805762
3.2045252853703827
3.205287396522816
3.206039244092585
3.2067808662754724
3.207512316520565
3.208233621016429
3.208944849045123
3.2096460196274244
3.2103372126599017
3.211018446609656
3.211689805248233
3.2123513148241054
3.213003054336662
3.213645068186368
3.214277419859375
3.2149001812039177
3.2155133969043934
3.216117165528406
3.216711518411495
3.2172965734271726
3.21787235779123
3.2184389988179403
3.2189965314340294
3.2195450797197434
3.2200847010783065
3.2206155005504487
3.221137573147473
3.2216509942400187
3.2221559007764107
3.2226523441291643
3.2231404922925138
3.2236203856237604
3.2240922088230235
3.2245560075764472
3.2250119654827274
3.225460153368064
3.2259007323163282
3.2263338200031915
3.2267595349049376
3.227178053252237
3.227589454613308
3.227993960485262
3.228391628456455
3.2287827054665623
3.2291672485666325
3.2295455066838614
3.2299175612441133
3.230283636212633
3.2306438651327642
3.2309984181455476
3.2313475006482424
3.231691226577108
3.23202986158524
3.232363483136604
3.2326923914821517
3.2330166540657777
3.2333365769660745
3.2336522468409283
3.2339639441765358
3.234271806342636
3.2345760547390543
3.234876903396346
3.2351745012965223
3.2354691354614413
3.2357609026099774
3.2360501318828687
3.236336898243995
3.2366215402053653
3.23690414285556
3.2371850202804664
3.237464300108874
3.237742238025192
3.238019032820836
3.2382948588438785
3.2385699915565564
3.2388445407438
3.239118826960043
3.2393929271785735
3.239667172684763
3.239941639656484
3.2402166369300924
3.24049227015383
3.240768794782404
3.2410463725005405
3.241325180421801
3.24160544634866
3.2418872792406956
3.2421709471493836
3.2424565199226256
3.2427442731345177
3.2430342665314993
3.243326754255934
3.243621810663052
3.24391964438101
3.244220363700662
3.2445241136244634
3.2448310441474377
3.2451412408704545
3.245454878574522
3.245772006539026
3.246092797060257
3.2464172856508178
3.2467456211835346
3.2470778412433607
3.2474140576111283
3.2477543181911517
3.2480986921092736
3.2484472366259616
3.2487999840295814
3.2491569884708813
3.2495182613172613
3.2498838361662643
3.250253716087062
3.250627904640281
3.2510064008093384
3.2513891776254584
3.2517762251452016
3.252167494788567
3.252562953896212
3.2529625495577044
3.2533662093450113
3.253773887675912
3.2541854659024336
3.2546009065059
3.2550200491121135
3.2554428551054717
3.2558691365257753
3.256298835087871
3.2567317589098628
3.257167802387964
3.2576068022477775
3.258048577979599
3.2584930105385443
3.25893984255229
3.259388989386839
3.2598401363710527
3.2602932103732085
3.260747867987755
3.261204016187289
3.261661319700697
3.262119626500735
3.262578653743005
3.263038151502057
3.263497919168576
3.2639575998090464
3.2644170593985113
3.2648758671325266
3.2653339203854586
3.2657907554602668
3.2662462593479926
3.266699982289639
3.267151754022214
3.2676011900884943
3.2680480157476897
3.2684919561919923
3.268932611430487
3.269369803072564
3.2698030437585928
3.270232208916627
3.2706567735378957
3.2710766184387867
3.2714912331950003
3.2719004538618286
3.272303837806966
3.2727011266301913
3.2730919961937612
3.273476064055414
3.2738531219985365
3.274222694068195
3.2745846446805333
3.2749384579192578
3.2752840203457936
3.275620828462855
3.2759487423418507
3.2762673206249135
3.2765763515443074
3.2768755015348754
3.27716445575544
3.277443000252377
3.2777107313419798
3.277967517023123
3.2782129164692595
3.2784468320020124
3.27866883298561
3.278878813385936
3.2790763943482815
3.2792614249035474
3.279433612817667
3.279592735905873
3.279738605943521
3.27987093185587
3.279989602303639
3.280094298375518
3.2801849464617394
3.2802612377474505
3.2803231031178597
3.2803702740335074
3.280402660431351
3.280420056031573
3.280422333034201
3.2804093593886527
3.2803809690299217
3.280337087866825
3.2802775371935096
3.2802022737657555
3.28011113191194
3.280004077512564
3.2798809752168476
3.279741786436688
3.2795864152104564
3.2794148127544918
3.2792269237123417
3.27902269218661
3.278802093160111
3.2785650765962138
3.2783116328030637
3.2780417300733764
3.277755364233594
3.2774525267465355
3.277133216306242
3.2767974454516025
3.276445219499042
3.2760765638663303
3.27569149913462
3.2752900521700212
3.2748722670829684
3.2744381662921267
3.2739878179483313
3.2735212408160193
3.2730385216507356
3.2725396816064123
3.272024815887401
3.271493958230407
3.270947198484981
3.270384595763562
3.269806219644599
3.269212163288046
3.2686024741506463
3.2679772731521832
3.2673365936136443
3.2666805718975263
3.26600923881623
3.2653227317348965
3.2646210922293597
3.26390444315552
3.2631728507267708
3.2624264078020415
3.2616652146514804
3.2608893316598255
3.260098886747679
3.2592939186252226
3.2584745675868145
3.2576408645032666
3.256792947028422
3.2559308514826655
3.2550546989180495
3.254164543130933
3.2532604763209996
3.252342578088423
3.2514109073275166
3.250465566642875
3.249506591459361
3.2485340931925477
3.247548096701908
3.2465487095795718
3.2455359571798397
3.2445099329291742
3.2434706714884913
3.2424182442698317
3.241352701200236
3.2402740878158545
3.239182468965785
3.2380778709101414
3.2369603639474773
3.235829964618796
3.234686740099294
3.2335307049634925
3.2323619171227045
3.231180394771853
3.2299861825797
3.2287793060785415
3.227559794587279
3.226327681909625
3.225082985061372
3.2238257421666847
3.2225559634734355
3.221273687060476
3.2199789210786056
3.2186717007079935
3.2173520355703378
3.2160199559580436
3.2146754761129013
3.2133186195744137
3.2119494080399527
3.210567857723887
3.20917399858628
3.2077678417138724
3.20634942383293
3.2049187539222874
3.2034758737510964
3.202020793860818
3.200553558293971
3.1990741843115686
3.197582713547515
3.1960791769600805
3.1945636078697786
3.193036056706122
3.191496547958068
3.1899451509248538
3.188381884783735
3.18680683417665
3.1852200193353437
3.1836215336256513
3.182011408112312
3.1803897344068957
3.1787565680712917
3.1771119846660776
3.175456077088428
3.17378890021897
3.172110584084904
3.170421168780336
3.168720813019273
3.1670095537152414
3.165287565060031
3.16355489726917
3.1618117215748525
3.160058123237121
3.1582942465439845
3.1565202337005926
3.1547361883634726
3.1529423135918044
3.1511386810083732
3.14932553852051
3.1475029445306744
3.145671170155614
3.1438302848715196
3.141980555730249
3.140122092972257
3.1382551268428482
3.136379839607767
3.134496397543781
3.1326050678987447
3.130705961704263
3.1287994083003325
3.1268854896695366
3.1249645666823587
3.1230367242036405
3.1211023192039784
3.1191614757383874
3.1172145072635327
3.1152616156129467
3.1133030317789028
3.1113390582348073
3.109369846823208
3.107395777040607
3.105416952645746
3.103433791784431
3.1014463881129526
3.099455157126376
3.0974602226088583
3.095461954310333
3.09346054738731
3.0914562823638443
3.0894494550412555
3.08744024886963
3.0854290446329546
3.083415960362257
3.0814014183840905
3.0793855124069003
3.0773686628347416
3.075350979420385
3.073332838572286
3.071314404297467
3.0692959697913516
3.067277782417899
3.065260033750932
3.0632430505741315
3.061226950196626
3.0592120960381357
3.057198570817333
3.0551867336751535
3.053176668806683
3.051168695056183
3.049162928599819
3.0471596182927883
3.0451589343692413
3.0431610381459344
3.0411661543765782
3.0391743764784698
3.03718595005784
3.0352009331196403
3.033219558892504
3.0312418772082097
3.0292680838315187
3.0272982390784042
3.0253324854400496
3.023370902667462
3.021413574668082
3.0194605959619576
3.0175120063056102
3.015567892987601
3.013628273175171
3.0116932062197184
3.0097627011099553
3.0078367791066083
3.0059154447609093
3.003998682251784
3.00208648427081
3.000178810476893
2.9982756245505886
2.996376880795568
2.994482496527343
2.9925924313223873
2.990706551662226
2.988824821134662
2.986947062644356
2.9850732310981543
2.983203124667298
2.9813366656609963
2.9794736576459915
2.977613957751241
2.975757409396474
2.9739037806740525
2.972052959766188
2.970204636133526
2.968358725695668
2.966514864426578
2.964672967185438
2.9628326519939474
2.9609937941350983
2.9591560386287803
2.9573191747019925
2.9554829255003017
2.9536469583155105
2.951811083944409
2.9499748629273927
2.948138164967002
2.946300485146688
2.9444617094003127
2.9426213163480712
2.940779158647438
2.9389347536514725
2.9370878659455824
2.9352381113916626
2.9333851204061636
2.9315286330030097
2.9296681503773456
2.9278035032413876
2.925934117063396
2.9240598606626227
2.922180141305605
2.920294810274938
2.9184033163186545
2.9165054362816956
2.9146007204480515
2.9126888207243464
2.9107694299001037
2.9088420646598707
2.906906531360751
2.9049622665167725
2.903009134420837
2.901046551519693
2.89907438372743
2.8970920854835684
2.8950994707835034
2.893096086436636
2.891081646823939
2.8890558357890157
2.8870182485040967
2.8849686889782835
2.882906676849694
2.8808320855285765
2.878744415675807
2.8766435584652026
2.874529046432432
2.872400743032925
2.8702582566035266
2.868101384687747
2.865929847348164
2.8637433563903403
2.8615417403479384
2.8593246505476717
2.857091983832277
2.8548433786646985
2.852578757760895
2.85029778607593
2.848000378150506
2.8456862558959255
2.8433553005407446
2.841007312109178
2.838642125701107
2.836259621805006
2.8338596008319854
2.8314419965708386
2.8290066081694105
2.826553393064784
2.8240821745354325
2.8215929127957335
2.8190854712376447
2.816559801146059
2.814015812772934
2.8114534460417797
2.808872654833437
2.806273376292972
2.803655591664239
2.801019252813605
2.798364352827464
2.7956908692599565
2.7929987994319467
2.7902881489120634
2.787558919891523
2.784811140246433
2.782044825254796
2.7792600121304085
2.7764567418235817
2.7736350487070673
2.770795006808872
2.7679366440408515
2.765060065373784
2.76216529659438
2.759252464472165
2.7563216036065126
2.7533728472058585
2.750406255440319
2.747421947178758
2.744420026970308
2.741400582913329
2.738363771102303
2.73530965239211
2.732238422107622
2.729150127782819
2.7260449861958485
2.722923050401127
2.7197845364775977
2.716629525959878
2.713458208352169
2.71027071848816
2.7070671952404
2.703847839868563
2.7006127446973234
2.6973621611582006
2.694096154932195
2.6908150039305876
2.687518771756611
2.6842077360963645
2.6808819859738753
2.677541769487717
2.674187230865744
2.670818557890392
2.6674359711100912
2.6640395955189726
2.6606297157461407
2.6572064159239015
2.653770017097653
2.650320591311416
2.6468584659677536
2.6433837322507534
2.639896691505352
2.63639748773654
2.63288636141226
2.6293635384304714
2.625829182450842
2.62228360098319
2.6187269012066943
2.6151594415704844
2.611581305056243
2.6079928677240622
2.604394223285069
2.6007857294384378
2.5971675282996713
2.5935399204059717
2.5899031332446016
2.5862573792612755
2.582602985584493
2.578940090773325
2.575269091438987
2.5715900869229715
2.56790350598558
2.5642094478041706
2.560508332852691
2.5568003022882877
2.5530857246623384
2.5493648273432417
2.5456378832550417
2.541905234085371
2.5381670595427175
2.534423791877036
2.530675552939378
2.5269228232292322
2.5231657103242697
2.519404697454623
2.515639924497393
2.5118718288900554
2.508100632093062
2.504326674565759
2.5005502984397836
2.4967717312963127
2.4929914264459385
2.48920953217563
2.485426565197911
2.481642642465779
2.477858293813953
2.474073654877165
2.4702892164597596
2.4665051842456243
2.4627219567653724
2.458939855263802
2.455159151659591
2.4513802905200763
2.4476034446461314
2.4438291327496993
2.440057478553327
2.436289021583508
2.432523887796806
2.42876258448485
2.4250052902014265
2.421252428394682
2.4175042764610697
2.413761131011702
2.410023387435002
2.4062912317685368
2.4025651358482545
2.3988452225703982
2.3951319870368324
2.3914255383670686
2.3877263449595203
2.3840345476328473
2.3803505426620446
2.3766745427335745
2.373006832758332
2.3693477189407726
2.3656973780091866
2.362056182829246
2.3584242420795163
2.354801946637876
2.3511893805554047
2.3475869104686033
2.3439946323013445
2.3404128538182607
2.3368417112362585
2.3332814275598825
2.3297321944363194
2.326194146448261
2.3226675170817597
2.319152382220933
2.315648978915794
2.312157357361052
2.3086777281071775
2.3052101395835156
2.3017547557572895
2.2983116370995718
2.2948808915202217
2.29146259413644
2.2880568000678743
2.284663587470875
2.281282978439098
2.2779150314317604
2.2745597543042524
2.2712171713779465
2.267887285168464
2.2645700824685884
2.2612655585286268
2.2579736702396906
2.2546943930641192
2.251427672141414
2.2481734445101336
2.244931660031277
2.241702206715009
2.238485043609811
2.235280012523849
2.2320870747771013
2.2289060393313056
2.225736852880325
2.222579314707008
2.219433330814907
2.216298722857631
2.213175327215661
2.2100630118782734
2.2069615339364725
2.203870801739124
2.2007905123483518
2.197720592947253
2.1946607085348386
2.1916107758178716
2.1885704628882676
2.18553964028453
2.1825180201337258
2.1795053893195444
2.1765015397867318
2.173506158000047
2.1705191069656316
2.1675400013558637
2.164568743477319
2.16160491476714
2.158648419093354
2.1556988468655147
2.152756062932851
2.1498197109378996
2.1468895756634394
2.1439653963201435
2.1410468537291583
2.1381337796983244
2.1352257774950587
2.132322736237047
2.1294242255335947
2.1265301504568095
2.123640090719705
2.120753926785571
2.117871290617058
2.1149919997136792
2.1121157774404504
2.109242352463318
2.1063715475294273
2.1035030168416773
2.1006366502733984
2.097772071153851
2.094909196433985
2.0920476587054395
2.0891873658162874
2.0863279951813247
2.083469414246947
2.080611375309749
2.077753683160314
2.0748961787848783
2.072038607692268
2.0691808754210825
2.0663227038684666
2.06346402951908
2.06060458307812
2.05774430343067
2.0548829561395823
2.052020460315635
2.0491566357036413
2.0462913667325813
2.043424537850565
2.040555998418466
2.0376856828896384
2.034813428284486
2.031939195375836
2.0290628310850147
2.0261843033641616
2.0233034844645106
2.020420336927495
2.017534767162818
2.0146467259775087
2.0117561565284343
2.0088629991607965
2.005967225376698
2.0030687762681927
2.0001676382339393
1.9972637645728375
1.9943571470120214
1.991447756529138
1.9885355861608016
1.9856206247131776
1.982702867348471
1.979782316311496
1.9768589734875466
1.9739328472108244
1.971003951638005
1.9680722957425827
1.9651379078091957
1.9622007961368881
1.9592610007781022
1.9563185317409864
1.9533734352192327
1.95042572805707
1.9474754546797552
1.9445226453461557
1.9415673344497089
1.9386095696997572
1.935649374380115
1.9326868096234366
1.9297218917003507
1.9267546880681135
1.9237852138842886
1.92081353494229
1.9178396716125132
1.9148636801304613
1.9118855918393844
1.9089054466697268
1.9059232893939342
1.9029391441258585
1.899953063622723
1.8969650622071415
1.893975192274934
1.8909834646511576
1.8879899243939804
1.8849945834165738
1.8819974746521364
1.878998613208612
1.875998018029422
1.872995706090233
1.8699916848610627
1.8669859678021299
1.8639785562743945
1.8609694540121562
1.8579586600328921
1.85494616526024
1.8519319668016718
1.8489160433981016
1.845898386845792
1.8428789684794384
1.839857767541202
1.836834756093647
1.8338098929373854
1.8307831551474607
1.8277544791313187
1.8247238460960713
1.8216911729355245
1.8186564396228082
1.815619550932678
1.8125804757640565
1.8095391187937024
1.8064954236604136
1.8034493110328733
1.800400686007956
1.7973494911918257
1.7942955937718046
1.7912389524425174
1.788179406434195
1.7851169185976457
1.7820513147305488
1.778982545515717
1.7759104422226895
1.7728349228866482
1.76975584724673
1.766673080997964
1.7635865252202605
1.7604959909127391
1.7574014112925356
1.7543025597644788
1.7511993833208699
1.7480916388774435
1.7449792651557352
1.7418620271973522
1.738739830216816
1.7356124749893775
1.7324798079943076
1.7293416878016623
1.7261978928550445
1.7230483306760218
1.7198927327883133
1.7167310325873255
1.7135629410418365
1.710388391093134
1.7072071016771657
1.7040189771750986
1.7008237744893737
1.697621341060461
1.6944115000928175
1.6911940262149594
1.6879688051547512
1.6847355578154752
1.6814942077586774
1.678244451864497
1.6749862228793935
1.6717192238377123
1.668443367951943
1.6651583942883474
1.6618641685240343
1.6585604945205843
1.655247171319267
1.6519240723144304
1.6485909411087838
1.64524769768449
1.6418940608939385
1.6385299686552368
1.6351551443736048
1.6317695170352862
1.628372841712343
1.6249650141733567
1.6215458452832139
1.6181151797862285
1.6146728953679403
1.6112187886187983
1.6077527857969534
1.6042746630490585
1.6007843695118893
1.5972816866698127
1.593766564033121
1.59023881015853
1.5866983568147748
1.5831450565778582
1.5795788111872888
1.5759995265391373
1.5724070749436465
1.5688014032114583
1.5651823745887508
1.561549957158738
1.5579040247531464
1.5542445509874354
1.5505714341999377
1.5468846437876174
1.5431841101699921
1.5394697953708394
1.5357416624965552
1.5319996711387263
1.5282438074723594
1.5244740418694422
1.5206903714527507
1.516892788479076
1.513081294178573
1.5092559067084375
1.5054166318031192
1.501563510015557
1.4976965596079217
1.4938158321510715
1.4899213727941039
1.4860132294022455
1.482091486429888
1.4781561824918923
1.4742074420286813
1.4702452981195062
1.4662699077166872
1.4622813101326753
1.458279679182784
1.4542650803179382
1.4502376802999268
1.446197597264785
1.4421449633526808
1.438079969238149
1.4340027088627385
1.4299134374288078
1.4258122250056917
1.4216993714430908
1.417574946613627
1.4134392669324936
1.4092924337596806
1.4051347439944963
1.40096636951096
1.3967875451524445
1.392598545478946
1.388399532914234
1.3841908759028771
1.3799726869113458
1.3757453958717076
1.3715091006213715
1.367264252646715
1.3630109776790664
1.3587497017946364
1.3544806277825996
1.3502041029191696
1.3459204519010162
1.3416299150000417
1.3373329418048288
1.3330296913505753
1.3287206942893321
1.3244060742064767
1.320086392520208
1.3157617889604014
1.3114328000211573
1.3070996380584368
1.3027627544277687
1.2984224892671936
1.294079160928815
1.289733257523987
1.2853849854150878
1.2810349331287314
1.2766832473574978
1.2723305587375455
1.2679770124375151
1.2636232197089485
1.2592693849546073
1.2549160364215741
1.2505634986201444
1.2462121564053807
1.241862489435455
1.2375147463137073
1.2331695226398494
1.2288269837647925
1.2244877780236991
1.2201520490821676
1.215820434212856
1.2114931169642758
1.2071706603171675
1.2028533481142363
1.1985416075516784
1.194235865854091
1.1899364008622875
1.1856437637153356
1.1813581305878997
1.1770801120934877
1.172809844191442
1.168547934696401
1.1642945380921859
1.160050200431586
1.155815149631673
1.1515898154400948
1.1473745427087043
1.1431696153089514
1.1389754953886428
1.1347923574938983
1.1306207231601269
1.1264607139834604
1.1223128539994942
1.1181772642348689
1.1140544201682596
1.1099444884113399
1.1058478515909722
1.10176475929037
1.0976954695742565
1.0936403249303364
1.0895994808939418
1.0855733303017856
1.08156197227614
1.0775658020767258
1.0735849052964332
1.0696196395591593
1.0656701117199567
1.0617366102247139
1.0578192892440597
1.0539183457300503
1.0500339903582119
1.0461663384105602
1.0423156321229405
1.0384819382828845
1.0346654946958451
1.030866350566774
1.0270847124776852
1.023320633738567
1.0195742724017998
1.0158456981263861
1.012135012768669
1.0084423034618901
1.0047676226324616
1.0011110608534994
0.9974726417441551
0.9938524378049559
0.9902504610532125
0.9866667536121921
0.9831013237674586
0.979554180514155
0.9760253269680821
0.9725147455491513
0.9690224240726688
0.9655483329580814
0.9620924304442484
0.958654687125574
0.955235024262185
0.9518334160475557
0.948449748984807
0.9450839953113024
0.9417360176895055
0.9384057725714845
0.9350931177600013
0.9317979726543284
0.9285202160426742
0.9252597094551521
0.9220163644499882
0.9187899843422889
0.9155805059868263
0.9123876900453358
0.909211481173424
0.9060516199320486
0.9029080348365696
0.8997804749509153
0.8966688232389188
0.893572870899349
0.8904924272684592
0.8874273459849173
0.884377358853176
0.8813423686456457
0.8783220558779273
0.8753163455939442
0.872324898208757
0.8693476300476237
0.8663842160997133
0.8634345301103403
0.8604982986272957
0.8575753200992882
0.8546654022205046
0.8517682564330535
0.848883759247239
0.8460115647532085
0.8431515866175293
0.8403034577039289
0.8374670943639014
0.8346421450239515
0.831828494159236
0.8290258420249433
0.8262340083572712
0.823452777952439
0.8206818886129057
0.817921204190758
0.8151704048099413
0.8124294022739611
0.8096978560438844
0.8069756916660169
0.8042625828658599
0.8015584372743684
0.7988629746684849
0.7961760566625649
0.7934974767574884
0.7908270333807769
0.7881645970767341
0.7855099163379284
0.7828629125561962
0.7802233181720623
0.7775910750542293
0.7749659290491915
0.7723478168676666
0.7697365219836579
0.7671319557853821
0.7645339576854182
0.7619424016934403
0.7593571889206029
0.7567781617730576
0.7542052643666582
0.7516383330258198
0.7490773319459675
0.7465221124745385
0.743972641624443
0.741428800298222
0.7388905476643189
0.7363578018435282
0.7338305105623515
0.7313086290797999
0.728792099328145
0.7262809014934218
0.7237749866239873
0.7212743464199314
0.7187789519204855
0.7162887988152125
0.7138038820034696
0.7113242004697375
0.7088497699466584
0.706380598669393
0.7039167135376045
0.7014581426475336
0.699004913167255
0.6965570810349347
0.6941146691961771
0.691677761390499
0.6892463788129376
0.6868206264599737
0.6844005324026435
0.6819862103368048
0.6795777094459454
0.6771751341621934
0.6747785717932617
0.672388101387695
0.6700038566550965
0.6676258926257698
0.6652543796419415
0.6628893601156686
0.6605310254872756
0.6581794218338181
0.6558347418079569
0.6534970552796077
0.6511665327577276
0.6488432898786806
0.6465274524017037
0.6442191940134463
0.6419185978461058
0.6396258812910987
0.6373411021585257
0.6350644994561501
0.6327961271150764
0.6305362215373849
0.628284855811497
0.6260422384112844
0.6238084850469061
0.6215837512823579
0.6193682107361946
0.6171619641186339
0.614965230911241
0.6127780760808269
0.610600739518505
0.6084332739836501
0.6062759146749067
0.6041287248275821
0.6019919112427804
0.599865568439026
0.597749853528206
0.5956449066489005
0.5935508281398759
0.5914677980477778
0.5893958770447996
0.5873352602516654
0.5852859908562145
0.583248256623857
0.5812221023877987
0.5792076898301829
0.5772050805070318
0.5752143958326285
0.5732357233444467
0.5712691382253604
0.5693147508699276
0.5673726029421408
0.5654428087002228
0.5635253933620364
0.5616204585617958
0.5597280258383784
0.5578481732308822
0.5559809256735938
0.5541263327097807
0.5522844235095292
0.5504552208768165
0.5486387519677459
0.5468350226268696
0.5450440462500683
0.5432658215167532
0.5415003401437162
0.5397475979269407
0.5380075635929009
0.5362802277483508
0.5345655416172661
0.5328634815999898
0.5311739937627183
0.5294970267069625
0.5278325340864778
0.5261804277168468
0.5245406716751614
0.522913143300875
0.5212978116917625
0.5196945288784384
0.5181032569443231
0.5165238384184934
0.5149562099662331
0.5134002267399297
0.511855777616653
0.5103227523046322
0.5088009787624931
0.5072903804863678
0.5057907357812756
0.5043019872958581
0.5028238829684815
0.5013563635398418
0.49989917149448765
0.4984522193893513
0.4970152741436684
0.4955881901045335
0.494170790424287
0.4927628506713515
0.491364252019207
0.4899747052785792
0.4885941285454978
0.48722219578156467
0.4858588335892545
0.4845037108996493
0.4831567309804772
0.4818175925844912
0.4804861412771743
0.4791621425771131
0.477845357390393
0.4765356291158709
0.4752326419101869
0.4739362937567572
0.4726462261293659
0.4713623582670472
0.4700843247733685
0.4688120315530338
0.46754514292999755
0.46628351658272377
0.46502688295855465
0.46377502178853547
0.4625277513396982
0.461284770662992
0.4600459654280367
0.45881098908550444
0.457579760070378
0.4563519227740438
0.4551273940537381
0.45390584431740855
0.4526871563486198
0.4514710593189227
0.45025737349114686
0.4490459122898835
0.44783642366256654
0.446628792262492
0.44542272227511714
0.44421813809405275
0.4430147341911667
0.4418124434365906
0.44061098125397835
0.439410261348463
0.43821004673606345
0.43701020861130935
0.43581057940109497
0.43461097642604496
0.4334112971622784
0.4322113226475861
0.43101099032288803
0.4298100737107583
0.42860852438764935
0.42740613240136793
0.42620284243656426
0.424998480036785
0.4237929670558243
0.42258617820225874
0.4213780042914981
0.4201683700416198
0.41895714317867505
0.41774428110400325
0.41652964947332194
0.4153132197511147
0.41409487162692277
0.4128745771324266
0.4116522407218287
0.41042782673842926
0.4092012698436524
0.4079725239520548
0.4067415530501688
0.40550830539655836
0.40427276395286144
0.4030348829767922
0.40179465392955527
0.40055204492126384
0.3993070499886983
0.39805965397993326
0.3968098523078535
0.39555764482767264
0.3943030314559268
0.3930460211763425
0.3917866244438816
0.39052485262184433
0.3892607314129948
0.3879942712537796
0.3867255133362266
0.38545446805646305
0.38418118834115816
0.3829056891307672
0.3816280278631952
0.3803482317669756
0.37906635266188216
0.3777824387703653
0.37649652873090955
0.37520869454252437
0.3739189631324532
0.3726274243792852
0.37133409978630366
0.3700390884849615
0.368742415243904
0.36744417773303045
0.36614441447674656
0.36484320946935
0.36354062572904366
0.36223672336964363
0.36093159416623455
0.3596252773785347
0.35831788460037356
0.3570094437561359
0.355700074787777
0.3543898052568047
0.3530787512544802
0.3517669514630681
0.3504545057046359
0.34914147504225135
0.3478279316133902
0.3465139649216107
0.34519962102295343
0.343885009826558
0.34257016155861375
0.3412551941937177
0.339940133679293
0.33862509410207914
0.3373101081751132
0.3359952748819489
0.33468064392217295
0.33336628898458176
0.33205228340752324
0.33073867411967195
0.3294255538269419
0.32811295166550986
0.32680096813903486
0.32548962535438064
0.3241790211457491
0.3228691802334602
0.32156018857309465
0.32025208189925003
0.3189449264241169
0.3176387750414102
0.31633367059912365
0.31502968255953623
0.3137268367761679
0.31242521018428787
0.3111248205428179
0.309825743910789
0.30852799776832485
0.30723165026843546
0.30593672520355675
0.3046432770161598
0.30335134106675565
0.30206095404511474
0.3007721644286031
0.29948499447247057
0.2981995001812892
0.2969156959087877
0.2956336389634687
0.2943533418802362
0.29307485803976724
0.29179820338605456
0.29052342291096256
0.28925054056233
0.2879795890306458
0.2867106031193991
0.285443603607204
0.2841786339801937
0.28291570746958916
0.2816548716173697
0.28039613697518595
0.2791395509277316
0.2778851259381376
0.27663290516246036
0.2753829075566595
0.27413516784789016
0.27288971560775377
0.2716465746759579
0.27040578606593857
0.2691673653440619
0.26793136120438654
0.26669778532487554
0.2654666899174554
0.2642380875475734
0.2630120293022528
0.2617885339730596
0.2605676461825581
0.2593493967247301
0.25813381850438755
0.2569209577736756
0.25571083658883503
0.2545035135022337
0.25329900422933843
0.25209737458007603
0.2508986396220723
0.24970286645043988
0.24851007611988402
0.2473203300043474
0.24613366274672943
0.2449501220677482
0.24376976223117
0.2425926156961278
0.24141875435278376
0.24024820027287458
0.2390810363656853
0.2379172814095541
0.23675702163406753
0.23560028064800909
0.23444713924812866
0.23329763496603909
0.23215183344472598
0.23100979434524316
0.22987156283679017
0.2287372213441082
0.22760679945725198
0.22648039401924308
0.22535802762480442
0.22423980215933637
0.22312574264031018
0.22201594587388074
0.22091044932412504
0.21980933406427164
0.2187126595881654
0.21762048275223211
0.21653288850412344
0.2154499132786779
0.21437165876799885
0.21329815038712277
0.21222949601634386
0.2111657202066154
0.21010692630248798
0.20905314814992929
0.20800447396267469
0.2069609565682139
0.2059226594203253
0.20488965947953175
0.20386199694529766
0.20283976590026576
0.20182299238518142
0.20081177673326497
0.1998061408857842
0.19880618112068105
0.19781192461786282
0.19682345417884484
0.19584081052695262
0.19486405476286997
0.19389324624450016
0.19292842327729948
0.19196965997371165
0.19101697954859578
0.1900704607819844
0.18913012077457236
0.18819603419027262
0.1872682195651153
0.18634674025505246
0.18543162208763322
0.18452291176327124
0.1836206457578442
0.1827248525491877
0.18183557732826264
0.1809528359440541
0.18007667463514754
0.17920710336843304
0.17834416317878757
0.177487863075687
0.17663823476252122
0.17579528905387135
0.17495904646579422
0.17412952004046717
0.17330671978355874
0.17249065862337953
0.17168133993612866
0.17087877200203158
0.1700829553521599
0.1692938906607387
0.16851157732614144
0.16773600785248655
0.16696717985036338
0.1662050795068573
0.16544969962160497
0.16470102431026412
0.16395903706078485
0.16322372395543783
0.1624950564557006
0.16177302355592252
0.1610575854293164
0.16034873222015017
0.15964641592266715
0.15895062377861077
0.15826130498655858
0.1575784376566158
0.1569019757156201
0.15623188082020667
0.15556811831600303
0.1549106298319836
0.1542593912972131
0.15361432845932319
0.1529754227779014
0.15234259063015168
0.15171581189481784
0.15109500197823178
0.150480130303703
0.14987112138076994
0.1492679242334601
0.14867048257162002
0.14807871899264619
0.14749259581816426
0.14691201486756
0.14633694964980304
0.14576729053066714
0.14520301262603885
0.14464400551739226
0.14409023513220262
0.1435416020302651
0.14299805124874582
0.14245950675441144
0.14192588408404055
0.1413971326731428
0.14087314276115764
0.14035388087281966
0.13983922329096224
0.13932914232672355
0.138823512390482
0.1383222996482846
0.13782538921979737
0.1373327288046982
0.1368442270759454
0.13635980295025968
0.13587939503592972
0.13540289363174018
0.13493025954175
0.1344613666878693
0.1339961859212484
0.1335345874456794
0.133076539839495
0.13262192221965458
0.1321706886763801
0.13172273965599818
0.1312780036953773
0.13083641199860502
0.13039786398507747
0.1299623162746827
0.12952964998393324
0.12909983539889744
0.1286727478425774
0.1282483591958849
0.12782655106901047
0.12740728534185689
0.12699046143528953
0.12657602037893517
0.1261638898057874
0.12575398392995957
0.1253462568897176
0.12494060343304597
0.12453699392139553
0.12413531545251541
0.12373554327237052
0.123337567951888
0.12294135900015962
0.12254682081656564
0.12215390733884936
0.12176254632059505
0.12137266923776444
0.12098422954333245
0.12059713903771324
0.12021136874213509
0.11982682151840851
0.11944347568741473
0.11906123510439671
0.11868007596651264
0.11829991216999994
0.11792070926284329
0.11754239930951917
0.1171649304228358
0.11678825759157574
0.11641231090306191
0.11603706280366921
0.11566243400950874
0.1152884056927226
0.11491489782117299
0.11454189220696416
0.11416931573299123
0.11379714374400027
0.11342531670794645
0.11305379758075204
0.1126825455411826
0.11231150901589007
0.11194066313950474
0.11156994766767261
0.1111993468189035
0.11082879891561317
0.11045829062195085
0.11008776502097738
0.10971720565609407
0.10934656547428169
0.10897582045344519
0.10860493736367159
0.10823388248387841
0.10786263576314842
0.10749115692761975
0.10711943413871738
0.10674742631604375
0.10637512476967212
0.10600249219413205
0.10562951918133891
0.10525617555677597
0.10488244858482557
0.10450831729007301
0.1041337646094464
0.10375877861211463
0.10338333962399343
0.10300744150705246
0.10263106588464763
0.10225420914563194
0.10187685696767465
0.10149900628482003
0.10112064821175715
0.10074177963872072
0.10036239707388186
0.09998249820979556
0.09960208344506219
0.09922115331579881
0.09883970991742932
0.0984577586590553
0.09807530199418586
0.0976923508899371
0.09730890823390344
0.09692498975522366
0.09654060032084194
0.09615575813350484
0.09577047304565528
0.09538476198542802
0.0949986433205508
0.0946121302113136
0.09422525065584704
0.09383801440920897
0.09345045750656494
0.09306258852713857
0.09267444847550958
0.09228604840410332
0.09189742980408357
0.09150861119525516
0.0911196287457158
0.09073051382903813
0.09034129281870275
0.08995201186043858
0.08956268893632248
0.08917338116314254
0.08878410241327277
0.08839491554887707
0.08800583584867117
0.08761692555195848
0.08722820788713576
0.086839737137832
0.08645155142582249
0.08606369029391621
0.08567621030804735
0.08528913750729769
0.08490254202424033
0.08451644213512682
0.08413091454520014
0.08374597667482239
0.08336170414442935
0.08297812094244511
0.08259529353926551
0.08221326009282406
0.08183206995377489
0.08145178029145744
0.08107242311442536
0.0806940704489428
0.0803167431905327
0.07994052014722802
0.0795654186923837
0.07919151632046346
0.07881883434071993
0.0784474411165863
0.07807736892192786
0.07770866975047788
0.07734139175920891
0.07697556836373042
0.07661126157225615
0.0762484919063948
0.0758873270670223
0.07552778205626846
0.07516992274717155
0.07481376519134554
0.0744593668960549
0.07410675043089913
0.07375595965235542
0.07340702731951912
0.07305998117557588
0.07271486339450077
0.0723716899159725
0.07203050573428825
0.07169132100293923
0.07135417762147622
0.07101908476503656
0.07068607689921869
0.07035516539398469
0.07002637470170217
0.06969971971717606
0.06937521434404623
0.0690528757554634
0.06873271038129805
0.06841473347614942
0.06809894784489481
0.06778536339405589
0.06747398166355249
0.06716480571977228
0.06685783627409776
0.06655307005489004
0.06625050542619736
0.0659501352823011
0.06565195258531457
0.06535594965338307
0.06506211137392526
0.06477043107228242
0.06448088518588438
0.0641934675758635
0.06390814784182368
0.06362491800628113
0.06334374434453188
0.06306461287153878
0.06278749182000017
0.06251235592626897
0.06223918063743671
0.06196792631844303
0.06169857570006799
0.06143107728928622
0.061165417897096994
0.06090153869691915
0.06063942570594398
0.060379018781602865
0.06012029693261973
0.05986320596255544
0.05960771082094953
0.05935377075420537
0.05910133215360629
0.05885036778738391
0.05860080932095621
0.058352637920183
0.05810577733908545
0.05786021042256619
0.05761586067335208
0.05737270521830767
0.057130675500115594
0.05688973517903574
0.05664983200231205
0.05641091060244775
0.0561729366818799
0.055935838751589015
0.05569959467209258
0.055464124979540376
0.05522941203298132
0.054995376622519604
0.05476199801339064
0.054529205242066926
0.0542969672636325
0.05406522881160153
0.0538339430391514
0.053603073832181596
0.053372559321111616
0.053142377363045876
0.05291245912811514
0.0526827889534216
0.05245329873399452
0.052223972463070055
0.0519947495282841
0.051765607760121485
0.051536499657241976
0.05130739258067582
0.05107825552810802
0.050849045111391156
0.050619743168009726
0.05039030175910079
0.050160709430274446
0.049930919857398316
0.0497009230422303
0.049470679043974265
0.04924017548999403
0.049009382073071185
0.04877828175751621
0.04854685546089259
0.048315081584570006
0.04808294996272656
0.04785043817946281
0.0476175408819086
0.04738423878730594
0.047150528212068936
0.04691639535032087
0.04668183661542618
0.04644684441566484
0.046211415241111255
0.04597554688519957
0.04573923735179297
0.045502487612741865
0.04526529943409771
0.04502767485543851
0.044789620812576605
0.044551139586866004
0.044312243158963004
0.04407293468035789
0.04383322962320775
0.043593133971867225
0.043352663846584254
0.04311183102501086
0.042870648868438346
0.042629137253825576
0.04238730593734119
0.042145182126750586
0.041902773237849474
0.04166011152358052
0.04141720454440306
0.041174086265857515
0.040930767814115046
0.04068728068659831
0.04044364366639411
0.04019988115553144
0.03995602261624668
0.03971208457171312
0.03946810555306065
0.039224096835262914
0.03898010214892206
0.038736131309744994
0.0384922288242541
0.03824840728643316
0.038004707216381994
0.03776114846126317
0.03751776266499452
0.03727458042224582
0.037031622724706954
0.03678893001860216
0.036546515714332074
0.036304425392691825
0.036062669311896965
0.0358212934142202
0.03558030920373023
0.035339758353299396
0.03509965779526643
0.034860040620306565
0.034620932559156554
0.03438235557691434
0.0341443443815221
0.03390691242413222
0.033670098947941235
0.03343391317241544
0.033198394433612305
0.032963551698059514
0.03272942047163131
0.03249601288933569
0.032263357339213594
0.03203147179098495
0.03180037523712799
0.03157009210865722
0.0313406336639288
0.03111202759401474
0.03088428088578654
0.03065742090882332
0.030431453502001823
0.030206402879703855
0.02998227610555754
0.029759092199874146
0.029536861036491363
0.029315595223963934
0.029095307806684012
0.028876005853745786
0.028657703800448353
0.028440405512092485
0.0282241244204198
0.028008863201891433
0.027794632706419596
0.027581435646232146
0.027369279509836277
0.027158167505694285
0.02694810374334711
0.02673909162736242
0.026531132701352437
0.026324229554404794
0.02611838244615336
0.02591359207581749
0.025709858254659976
0.025507179432678138
0.025305555120204253
0.025104981833266257
0.024905458303856286
0.024706980024319484
0.024509543963891944
0.024313145903801965
0.024117780068359598
0.0239234431693929
0.023730126655676587
0.023537827996893558
0.023346536524998074
0.023156249742785646
0.022966955989766863
0.022778651665241397
0.022591325605034695
0.022404971664146487
0.022219580905438133
0.022035143447096166
0.021851653148433098
0.021669096732725296
0.021487470057559445
0.021306757816814237
0.02112695656072875
0.02094805053964171
0.020770035518743315
0.020592897008750735
0.020416628439520173
0.02024121830568256
0.020066656439632097
0.019892935172524676
0.01972004085802595
0.019547968674395663
0.019376703174547708
0.01920624083431926
0.0190365661001816
0.01886767523723419
0.018699554177391227
0.018532197600230022
0.01836559433479555
0.018199736397143115
0.018034616404523855
0.0178702236098494
0.01770655360012444
0.01754359433794443
0.017381342953215348
0.017219787610338183
0.017058925707430523
0.016898746835886616
0.01673924766851407
0.01658042013404375
0.016422259520079176
0.016264760620622695
0.016107917292471394
0.015951726648287076
0.0157961820905247
0.01564128200171117
0.015487020386770616
0.01533339604762873
0.015180404289560523
0.015028043840301986
0.014876311629275297
0.0147252061831919
0.014574726001121483
0.014424869666201547
0.014275636765658958
0.01412702652059319
0.013979039008432389
0.013831674573734238
0.013684933460302806
0.013538817247071244
0.013393326380296266
0.013248463423544602
0.013104229402943725
0.012960627280026477
0.012817659306713117
0.012675328087319188
0.01253363764968974
0.01239258998005467
0.012252190807066582
0.012112441698979142
0.011973349644178672
0.01183491630820137
0.011697149210259663
0.011560050890051897
0.011423628424343024
0.011287886198030114
0.011152829742601454
0.011018466015238326
0.010884798809884485
0.010751837290405276
0.010619584098240067
0.010488049723278377
0.010357236535196846
0.0102271552933652
0.010097809124560285
0.009969207878316688
0.009841356562375106
0.009714262868589351
0.009587934565005802
0.009462376781020666
0.009337599777094481
0.009213606873837103
0.009090409668789112
0.008968010765554849
0.008846421895398837
0.008725646060073554
0.008605693925933128
0.008486569980187106
0.008368282680898462
0.008250838877538798
0.008134244181339565
0.008018507806238001
0.00790363321100054
0.00778963080140441
0.007676502993293238
0.0075642602165333145
0.00745290488461323
0.007342446401486316
0.007232888085352093
0.007124237421612003
0.007016499335527444
0.006909678796185091
0.006803782457600266
0.0066988132570885706
0.006594778667940435
0.006491680528520114
0.006389526159142333
0.0062883171282855045
0.006188059832743046
0.006088756191097633
0.005990411132227305
0.005893027312862734
0.005796607898321093
0.005701156306990039
0.005606674246582169
0.00551316533470908
0.005420630467147441
0.005329072803718554
0.005238492946341754
0.005148893189219565
0.00506027410970456
0.004972636986135619
0.004885982385881751
0.004800310681936367
0.004715622196361958
0.004631916749326786
0.004549194027494622
0.004467453657987379
0.00438669442182333
0.004306915904429348
0.004228115969496904
0.004150294058966524
0.004073447361873873
0.003997574828730009
0.003922673461218516
0.0038487411628453563
0.0037757753848477434
0.0037037724970394926
0.0036327306025447674
0.00356264460131471
0.003493513046026275
0.003425329739666957
0.003358093229230408
0.0032917968177004317
0.0032264383781947076
0.0031620115163164594
0.0030985125766605425
0.0030359364332719343
0.002974277175348705
0.0029135312314040483
0.002853690595277553
0.0027947527923432806
0.002736708432004788
0.0026795553745718515
0.0026232837326870028
0.0025678907747221356
0.002513367158460751
0.002459708491081555
0.002406907148623415
0.0023549561028474225
0.0023038500856261764
0.0022535793616749113
0.002204140459988041
0.0021555219089329737
0.00210772103426367
0.002060725730594742
0.002014533005308559
0.001969131321638345
0.0019245161641194754
0.0018806778446368829
0.0018376091583975932
0.001795303285059346
0.0017537499010370555
0.0017129446027276207
0.0016728749646642924
0.0016335378789800765
0.0015949200588219773
0.0015570184591106428
0.0015198202215402114
0.0014833210897725413
0.0014475099544469987
0.0014123800770177394
0.0013779233524558545
0.0013441298148795268
0.0013109942278569052
0.0012785041903491162
0.0012466562286544485
0.001215436814825146
0.0011848429510863071
0.0011548612982029925
0.0011254880462806826
0.0010967113529643932
0.001068525321046168
0.0010409208924157193
0.0010138891385399833
0.0009874241231527907
0.0009615142160125378
0.0009361556318173433
0.0009113353556645694
0.0008870504662813842
0.0008632878565966175
0.0008400442114023874
0.0008173075883556916
0.0007950730594993545
0.0007733310591569501
0.0007520740140582322
0.0007312954790977895
0.0007109850941898128
0.000691138818541507
0.0006717446911918494
0.0006527998618826755
0.0006342920020298098
0.0006162182569019626
0.0005985671085557207
0.0005813345599082958
0.0005645110208723315
0.0005480903157027122
0.0005320657167846171
0.0005164284135515053
0.0005011741775331267
0.000486292443807719
0.00047178041999890765
0.0004576269357066841
0.00044382952558832045
0.00043037749532142436
0.00041726766595218725
0.000404490829956066
0.00039204212698513703
0.0003799147696311355
0.00036810159991235896
0.0003565982858017537
0.00034539583444715696
0.00033449150746450647
0.00032387552523389647
0.0003135457347825193
0.00030349254356552526
0.0002937134503603831
0.00028419994766641724
0.0002749483282782462
0.00026595199077751434
0.0002572053649617709
0.0002487041271511507
0.00024044090122668873
0.00023241301604745685
0.00022461219218926798
0.00021703652381816589
0.00020967768867872846
0.00020253372415761172
0.00019559704837428398
0.00018886489659250715
0.00018233113354454607
0.0001759915617845049
0.0001698420071199934
0.00016387665318102001
0.00015809292716412526
0.00015248405753875342
0.00014704833978530882
0.0001417787928923058
0.00013667387056925725
0.00013172705225493556
0.00012693631456703948
0.00012229619299352528
0.00011780362874595272
0.00011345472484456768
0.00010924509086012612
0.0001051722966160168
0.00010123100321668264
9.741968163565144e-5
9.373267751420532e-5
9.016876199832245e-5
8.672252647003028e-5
8.339251166357096e-5
8.017404643586402e-5
7.706497846915908e-5
7.406179895259624e-5
7.116134846857366e-5
6.836139129586448e-5
6.565788158116011e-5
6.304945608364015e-5
6.0531700926950027e-5
5.8103630001745904e-5
5.5760921109924034e-5
5.350253172041302e-5
5.13246281854506e-5
4.922573906916455e-5
4.720285652947346e-5
4.525379262077047e-5
4.337656505728528e-5
4.156823757082374e-5
3.9827612875091406e-5
3.8151377375250394e-5
3.6538734428690174e-5
3.49863607477347e-5
3.349351422350755e-5
3.2057174571709906e-5
3.0676361193280704e-5
2.9348618137779824e-5
2.807248699113049e-5
2.6846277130952206e-5
2.566795660777703e-5
2.453649744218833e-5
2.3449512784607323e-5
2.2406358875930077e-5
2.1404580579899268e-5
2.044364882436522e-5
1.9521280401694327e-5
1.8636835983361084e-5
1.7788401760895473e-5
1.6975044167939596e-5
1.6195377151012467e-5
1.5448066997838123e-5
1.4732256131195079e-5
1.404629903058974e-5
1.338967965818195e-5
1.2760657836384785e-5
1.2158854744178708e-5
1.1582615253091821e-5
1.1031529480566384e-5
1.0504172717055833e-5
9.999968486228538e-6
9.517836912574306e-6
9.0569420384879e-6
8.616595914857243e-6
8.195716106709637e-6
7.793895865740008e-6
7.409953931547091e-6
7.043618220465217e-6
6.693739416715931e-6
6.360057611595281e-6
6.041559563785927e-6
5.73790035211933e-6
5.448283264269629e-6
5.172206121243216e-6
4.909140773544479e-6
4.6584108603047525e-6
4.419703887571552e-6
4.192254154312366e-6
3.975866848672142e-6
3.7697793606708247e-6
3.573827987754264e-6
3.3873256497830857e-6
3.2100721177108236e-6
3.041510732819295e-6
2.8813537172012963e-6
2.7292143606915626e-6
2.5846944943775164e-6
2.4475625874797167e-6
2.3173477748322316e-6
2.1939128164787203e-6
2.076777477885222e-6
1.965839614622447e-6
1.8606583706083816e-6
1.7611213096029908e-6
1.66686300266789e-6
1.5777273537051153e-6
1.4934494057725857e-6
1.4138106480345733e-6
1.3386495623592942e-6
1.267696375933629e-6
1.2008586242258085e-6
1.137855346616067e-6
1.078624891414964e-6
1.0229065279156922e-6
9.706405263617944e-7
9.216086800021023e-7
8.757329942808276e-7
8.328521139384434e-7
7.928580165276341e-7
7.556511798661642e-7
7.210959507038512e-7
6.89137461240917e-7
6.596341613865502e-7
6.325535288582392e-7
6.077672928633617e-7
5.85248470780327e-7
5.648922881932516e-7
5.466672293264431e-7
5.305079112919682e-7
5.163784957082998e-7
5.042077982699729e-7
4.939174772235284e-7
4.85603759126064e-7
4.794741443627445e-7
4.751432436679229e-7
0.0
0.0
0.0
0.0
0.0
0.0
0.0
0.0
0.0
0.0
0.0
0.0
0.0
0.0
0.0
0.0
0.0
0.0
0.0
0.0
0.0
0.0
0.0
0.0
0.0
0.0
0.0
0.0
0.0
0.0
0.0
0.0
0.0
0.0
0.0
0.0
0.0
0.0
0.0
0.0
0.0
0.0
0.0
0.0
0.0
0.0
0.0
0.0
0.0
0.0
0.0
0.0
0.0
0.0
0.0
0.0
0.0
0.0
0.0
0.0
0.0
0.0
0.0
0.0
0.0
0.0
0.0
0.0
0.0
0.0
0.0
0.0
0.0
0.0
0.0
0.0
0.0
0.0
0.0
0.0
0.0
0.0
0.0
0.0
0.0
0.0
0.0
0.0
0.0
0.0
0.0
0.0
0.0
0.0
0.0
0.0
0.0
0.0
0.0
0.0
0.0
0.0
0.0
0.0
0.0
0.0
0.0
0.0
0.0
0.0
0.0
0.0
0.0
0.0
0.0
0.0
0.0
0.0
0.0
0.0
0.0
0.0
0.0
0.0
0.0
0.0
0.0
0.0
0.0
0.0
0.0
0.0
0.0
0.0
0.0
0.0
0.0
0.0
0.0
0.0
0.0
0.0
0.0
0.0
0.0
0.0
0.0
0.0
0.0
0.0
0.0
0.0
0.0
0.0
0.0
0.0
0.0
0.0
0.0
0.0
0.0
0.0
0.0
0.0
0.0
0.0
0.0
0.0
0.0
0.0
0.0
0.0
0.0
0.0
0.0
0.0
0.0
0.0
0.0
0.0
0.0
0.0
0.0
0.0
0.0
0.0
0.0
0.0
0.0
0.0
0.0
0.0
0.0
0.0
0.0
0.0
0.0
0.0
0.0
0.0
0.0
0.0
0.0
0.0
0.0
0.0
0.0
0.0
0.0
0.0
0.0
0.0
0.0
0.0
0.0
0.0
0.0
0.0
0.0
0.0
0.0
0.0
0.0
0.0
0.0
0.0
0.0
0.0
0.0
0.0
0.0
0.0
0.0
0.0
0.0
0.0
0.0
0.0
0.0
0.0
0.0
0.0
0.0
0.0
0.0
0.0
0.0
0.0
0.0
0.0
0.0
0.0
0.0
0.0
0.0
0.0
0.0
0.0
0.0
0.0
