0.31372376933372115	0.1164980186872522	-0.06271054703276491	-0.09950985721966694	-0.10047009887072074
0.3180412332666031	0.1178487871332645	-0.06254064203486766	-0.09950514573705836	-0.1004700979355124
0.3224459895964195	0.11922674615602963	-0.06236730609985828	-0.09950033907720043	-0.10047009698141143
0.32693836121888914	0.12063214619842255	-0.06219050514486533	-0.09949543628846746	-0.1004700960082289
0.33151871403135097	0.12206523794826903	-0.06201020509831603	-0.09949043641925018	-0.10047009501577625
0.33618745099798686	0.12352627272484108	-0.061826371891606356	-0.09948533851795338	-0.10047009400386411
0.3409449984095405	0.12501550194037717	-0.06163897145044467	-0.0994801416329902	-0.10047009297230396
0.34579180693009465	0.1265331775123817	-0.06144796969062638	-0.09947484481277641	-0.10047009192090704
0.35072835197811375	0.12807955081008301	-0.06125333254952092	-0.09946944710572514	-0.10047009084948375
0.3557551220368304	0.12965487295546163	-0.06105502594538985	-0.09946394756024295	-0.10047008975784576
0.360872626362018	0.1312593952570336	-0.060853015804551075	-0.09945834522472183	-0.10047008864580369
0.3660813773591521	0.13289336965742393	-0.060647268066631024	-0.09945263914753526	-0.10047008751316887
0.37138189118978193	0.1345570472273636	-0.06043774868062343	-0.0994468283770718	-0.1004700863597525
0.3767746908245579	0.13625067949718572	-0.06022442360080097	-0.09944091196180774	-0.10047008518536542
0.3822603094107545	0.13797451849074227	-0.060007258782485404	-0.09943488895012643	-0.10047008398981881
0.3878392938833221	0.1397288152818708	-0.059786220177665876	-0.09942875839041684	-0.10047008277292374
0.3935121862543752	0.14151382019179218	-0.059561273730473936	-0.09942251933108172	-0.10047008153449109
0.3992795278612662	0.1433297829944857	-0.05933238537298913	-0.09941617082053594	-0.10047008027433216
0.40514186766270677	0.14517695312988582	-0.05909952107373747	-0.09940971190720599	-0.10047007899225814
0.4110997495378745	0.14705557992475402	-0.05886264680705558	-0.09940314163952736	-0.10047007768807975
0.41715371412041086	0.14896591282106797	-0.058621728533340384	-0.09939645906594423	-0.10047007636160823
0.4233043007315675	0.1509082016117823	-0.05837673222360285	-0.09938966323490717	-0.10047007501265469
0.4295520494039119	0.1528826966838163	-0.05812762385783831	-0.09938275319487148	-0.10047007364102997
0.43589750298737895	0.1548896481387483	-0.057874369423341045	-0.09937572799429645	-0.10047007224654592
0.4423412093298283	0.15692930280035228	-0.05761693491296477	-0.09936858668164301	-0.10047007082901253
0.44888370760131285	0.1590019090648377	-0.057355286323330555	-0.09936132830537171	-0.10047006938824174
0.45552553042958344	0.16110771496005538	-0.057089389652975685	-0.09935395191394247	-0.10047006792404445
0.46226721779629387	0.16324696799351002	-0.05681921090045336	-0.09934645655581058	-0.10047006643623113
0.4691093044630876	0.16541991524825328	-0.05654471606237316	-0.09933884127942687	-0.10047006492461354
0.4760523209420481	0.16762680348154102	-0.05626587113199841	-0.09933110513323534	-0.10047006338900226
0.4830967944955557	0.16986787922620797	-0.05598264212970325	-0.09932324716566902	-0.10047006182920898
0.49024325015944153	0.17214338889471598	-0.05569499507607612	-0.09931526642515162	-0.10047006024504429
0.4974922117870768	0.17445357888583	-0.05540289598465938	-0.09930716196009381	-0.10047005863631947
0.5048442031121082	0.1767986956382433	-0.055106310875195734	-0.09929893281900355	-0.1004700570028458
0.5122997488276102	0.17917898476822794	-0.0548052057728479	-0.0992905780504003	-0.10047005534443339
0.5198593756795455	0.18159469178351204	-0.05449954670739421	-0.09928209670276068	-0.10047005366089438
0.5275236131250637	0.18404606212190078	-0.05418929971240585	-0.09927348782456306	-0.10047005195203959
0.5352929855663332	0.18653334100980692	-0.05387443082440028	-0.09926475046428919	-0.10047005021767991
0.5431680117054717	0.18905677351910435	-0.0535549060819736	-0.09925588367042212	-0.10047004845762585
0.5511492118468839	0.1916166046252293	-0.05323069152491084	-0.0992468864914467	-0.10047004667168982
0.5592371087747346	0.1942130792664937	-0.052901753193279125	-0.0992377579758491	-0.10047004485968193
0.5674322283704433	0.19684644240459803	-0.052568057126490514	-0.09922849717211474	-0.10047004302141374
0.5757351002333354	0.1995169390863219	-0.052229569362352714	-0.09921910312872928	-0.10047004115669612
0.5841462583036521	0.20222481450636923	-0.051886255936093584	-0.09920957489417691	-0.10047003926533979
0.5926662414871648	0.2049703140713521	-0.051538082879365045	-0.09919991151694141	-0.10047003734715623
0.6012955942806937	0.20775368346488934	-0.05118501621326584	-0.09919011204550286	-0.10047003540195652
0.6100348673978779	0.21057516871380377	-0.0508270218373322	-0.0991801755283394	-0.10047003342955182
0.6188846183946322	0.21343501625539776	-0.0504640657803747	-0.09917010101392498	-0.10047003142975304
0.627845412293747	0.2163334730057812	-0.050096114126793885	-0.0991598875507304	-0.10047002940237094
0.6369178222082067	0.2192707864292512	-0.04972313294498246	-0.09914953418721978	-0.10047002734721702
0.6461024299628361	0.22224721251604884	-0.049345088285941405	-0.09913903997185304	-0.10047002526410255
0.6553998424327726	0.2252630067805753	-0.04896194618187114	-0.09912840395308366	-0.10047002315283789
0.6648108015474304	0.22831841206416625	-0.04857367264473129	-0.09911762517935692	-0.10047002101323453
0.67433589121427	0.2314136733675788	-0.048180233664776896	-0.09910670269911129	-0.10047001884510416
0.6839756789465308	0.2345490380867394	-0.047781595209065025	-0.0990956355607761	-0.10047001664825696
0.6937307700982915	0.23772475614388316	-0.04737772321993491	-0.0990844228116203	-0.10047001442250393
0.7036018091183681	0.24094108012050633	-0.04696858361346063	-0.09907306349639701	-0.1004700121676568
0.713589480800763	0.24419826539209535	-0.04655414227787621	-0.09906155666414737	-0.10047000988352617
0.7236945115319467	0.24749657026461505	-0.046134365071974805	-0.09904990136423214	-0.10047000756992341
0.7339176705355281	0.2508362561127364	-0.04570921782347876	-0.09903809664592966	-0.10047000522665972
0.7442597711152136	0.2542175875197932	-0.0452786663273848	-0.0990261415584336	-0.10047000285354549
0.7547216718972526	0.2576408324194439	-0.04484267634427996	-0.09901403515084374	-0.10047000045039256
0.7653042780739008	0.26110626223905153	-0.04440121359863233	-0.09900177647216474	-0.10046999801701154
0.776008542649809	0.26461415204475813	-0.04395424377705305	-0.0989893645712962	-0.10046999555321388
0.7868354676935826	0.26816478068827315	-0.043501732526533506	-0.09897679849703094	-0.10046999305881002
0.7977861055971514	0.27175843095537	-0.04304364545265203	-0.0989640772980461	-0.10046999053361161
0.8088615603459758	0.27539538971611455	-0.0425799481177576	-0.09895120002289999	-0.10046998797742948
0.8200629888035482	0.27907594807683395	-0.042110606039123415	-0.09893816572002294	-0.10046998539007504
0.8313916020140476	0.28280040153385566	-0.041635584687076	-0.09892497343771388	-0.10046998277135898
0.8428486665274898	0.28656905012904627	-0.04115484945896492	-0.09891162222413236	-0.10046998012109262
0.8544355057521893	0.2903821986071857	-0.04066836433420148	-0.09889811112729369	-0.10046997743908664
0.8661538162873921	0.294240156575214	-0.040176094284867264	-0.09888443919506049	-0.10046997472515255
0.8780061842914311	0.29814326216889475	-0.03967800508398038	-0.09887060547513837	-0.10046997197910142
0.8899938044668246	0.3020919378630576	-0.039174062265457575	-0.09885660901506747	-0.10046996920074382
0.9021179615945387	0.30608648814510303	-0.038664231113550794	-0.09884244886221659	-0.10046996638989171
0.9143802258431355	0.310127220436351	-0.03814847665210838	-0.09882812406377543	-0.10046996354635518
0.9267824604463561	0.31421446536440445	-0.037626763633660576	-0.09881363366674897	-0.10046996066994618
0.9393268295677474	0.31834857762209434	-0.03709905652832442	-0.09879897671794861	-0.10046995776047499
0.9520158063959011	0.3225299368389893	-0.0365653195125366	-0.098784152263987	-0.10046995481775291
0.9648521815237304	0.3267589484660145	-0.03602551645760352	-0.0987691593512683	-0.10046995184159145
0.9778390716758206	0.33103604467386943	-0.035479610918077574	-0.09875399702598292	-0.10046994883180153
0.9909799288592527	0.3353616852661182	-0.03492756611995153	-0.09873866433409807	-0.10046994578819413
1.0042785500256513	0.33973635860799656	-0.034369344948674385	-0.09872316032135135	-0.10046994271058
1.0177390873455938	0.3441605825721678	-0.03380490993698598	-0.09870748403324332	-0.1004699395987703
1.0313660592113039	0.3486349055028752	-0.03323422325257187	-0.09869163451502738	-0.10046993645257658
1.045164362099809	0.35315990720013807	-0.03265724668553124	-0.0986756108117046	-0.10046993327181003
1.0591392834469315	0.357736199925873	-0.0320739416356637	-0.09865941196801364	-0.10046993005628096
1.073296515702932	0.36236442943405733	-0.03148426909956646	-0.09864303702842314	-0.10046992680580065
1.087642171763731	0.36704527602731274	-0.03088818965754631	-0.09862648503712343	-0.10046992352018055
1.1021828019981303	0.37177945564254905	-0.03028566346033958	-0.0986097550380178	-0.10046992019923194
1.1169254131218613	0.3765677209685985	-0.029676650215638957	-0.09859284607471466	-0.10046991684276518
1.1318774892045598	0.3814108625990858	-0.029061109174426978	-0.09857575719051775	-0.10046991345059135
1.1470475005524499	0.38630971022409005	-0.02843899911710929	-0.09855848742841791	-0.10046991002252188
1.1624468475947978	0.39126513386451445	-0.0278102783394504	-0.09854103583108537	-0.10046990655836784
1.1780868193573613	0.39627816055376486	-0.027174903851857442	-0.09852340144085833	-0.10046990305794089
1.1939800056708756	0.4013499877892149	-0.026532829060738148	-0.09850558329973606	-0.10046989952105123
1.2101406408233828	0.4064818198611262	-0.025884007795844866	-0.09848758044936727	-0.10046989594750946
1.2265846939054303	0.41167497698163463	-0.025228392671854574	-0.09846939193104418	-0.1004698923371279
1.2433299733097218	0.4169308998428063	-0.024565934808248882	-0.09845101678568992	-0.10046988868971739
1.2603962484145224	0.4222511539780724	-0.02389658377908883	-0.09843245405384997	-0.10046988500508854
