1.1	1.1	1.0999999999999999	1.1	1.1
1.1010693137951333	1.1001047386306861	1.1000045802228828	1.1000000257952844	1.099999999999503
1.1020523680197947	1.1002012658832168	1.1000088021228023	1.1000000495743536	1.0999999999990409
1.102957031061465	1.1002903323823607	1.1000126981835117	1.1000000715128249	1.0999999999986103
1.1037903758227159	1.1003726159320355	1.1000162979984132	1.100000091773038	1.0999999999982082
1.1045587660289502	1.1004487251534036	1.1000196284095298	1.1000001105046933	1.0999999999978323
1.1052679597435395	1.100519210046729	1.1000227136385292	1.1000001278454523	1.0999999999974794
1.1059231445519804	1.1005845639926966	1.1000255754103385	1.1000001439215072	1.0999999999971477
1.1065289952968496	1.1006452340123574	1.1000282330698272	1.1000001588481156	1.0999999999968348
1.1070897317886095	1.1007016273489827	1.1000307041138855	1.1000001727301083	1.0999999999965384
1.1076091539185149	1.1007541132968868	1.1000330049312455	1.1000001856623647	1.0999999999962573
1.108090728681358	1.1008030249312168	1.100035149529395	1.1000001977302682	1.0999999999959897
1.1085376070277968	1.1008486607450076	1.1000371507979851	1.100000209010133	1.099999999995734
1.1089526388314348	1.100891293106595	1.1000390206347772	1.1000002195696081	1.0999999999954893
1.1093383871282658	1.1009311703487676	1.1000407699895323	1.1000002294680606	1.0999999999952537
1.1096971563650686	1.100968513202537	1.1000424089055951	1.1000002387569416	1.099999999995027
1.110031080629508	1.1010035250101968	1.100043946559306	1.100000247480126	1.0999999999948076
1.1103420617270474	1.101036392518145	1.1000453912973758	1.1000002556742436	1.0999999999945953
1.1106318383782525	1.1010672865881093	1.100046750672347	1.1000002633689858	1.0999999999943495
1.1109020042506075	1.1010963628725738	1.1000480314762497	1.1000002705903993	1.0999999999940402
1.11115401446375	1.1011237624565324	1.1000492397725636	1.1000002773955235	1.0999999999936763
1.111389191810041	1.1011496124675646	1.1000503809265805	1.1000002838216276	1.0999999999932666
1.1116087327096535	1.101174026656088	1.100051459634266	1.1000002898947845	1.0999999999928192
1.1118137129180012	1.101197105947533	1.1000524799496991	1.1000002956393509	1.0999999999923413
1.1120050943684148	1.1012189433657953	1.100053445618737	1.100000301078038	1.0999999999918397
1.112183785819596	1.101239630405196	1.100054361291045	1.1000003062319774	1.0999999999913208
1.1123506040553428	1.1012592449575909	1.100055230455975	1.1000003111207848	1.09999999999079
1.112506280328713	1.1012778584071212	1.1000560561907906	1.1000003157626195	1.099999999990253
1.1126514868364068	1.1012955361998833	1.1000568413302105	1.1000003201742419	1.0999999999897143
1.112786839279058	1.1013123380773908	1.1000575884758863	1.10000032437107	1.099999999989179
1.1129128993245967	1.1013283182993878	1.1000583000054378	1.1000003283672266	1.0999999999886496
1.1130301769807025	1.101343525856584	1.100058978081073	1.1000003321755956	1.0999999999881303
1.1131391328819247	1.1013580046738825	1.1000596246578107	1.1000003358078634	1.0999999999876249
1.1132401804966452	1.1013717938045953	1.1000602414913352	1.100000339274568	1.099999999987135
1.1133336882586462	1.1013849276161545	1.100060830145491	1.1000003425851412	1.0999999999866636
1.1134199816276944	1.1013974358056757	1.1000613919994473	1.1000003457479497	1.0999999999862127
1.1134993428231033	1.101409344162506	1.1000619282545407	1.1000003487703334	1.0999999999857837
1.11357202087415	1.1014206783764438	1.100062439940818	1.1000003516586452	1.0999999999853776
1.1136382669498117	1.1014314613893303	1.1000629279232952	1.1000003544182857	1.0999999999849959
1.113698306320318	1.1014417130342258	1.1000633927212966	1.1000003570537384	1.099999999984639
1.113752336075471	1.1014514501498684	1.1000638337174882	1.1000003595686028	1.0999999999843073
1.1138005264814592	1.1014606866904435	1.1000642517618768	1.1000003619656242	1.099999999984001
1.1138430222970386	1.1014694338309157	1.100064647863376	1.1000003642467269	1.0999999999837198
1.113879944050881	1.1014777000681446	1.1000650228440922	1.10000036641304	1.0999999999834635
1.113911389281691	1.101485491318008	1.1000653773458675	1.1000003684649282	1.0999999999832308
1.1139374337425196	1.10149281100873	1.1000657118365444	1.1000003704020158	1.0999999999830214
1.1139581325705243	1.101499660170609	1.100066026615977	1.1000003722232141	1.0999999999828338
1.1139735214232707	1.10150603752233	1.1000663218217916	1.1000003739267445	1.0999999999826662
1.1139836175824958	1.1015119395540283	1.1000665974349166	1.1000003755101628	1.0999999999825174
1.1139884210261288	1.1015173606072748	1.1000668532848852	1.1000003769066744	1.0999999999823855
1.1139879154692072	1.1015222929521302	1.1000670890549296	1.1000003780489707	1.099999999982268
1.1139820693742004	1.1015267268614153	1.1000673042868683	1.100000378967881	1.0999999999821635
1.1139708369311345	1.1015306506823404	1.1000674983858025	1.1000003796907636	1.0999999999820682
1.1139541590077844	1.101534050905614	1.1000676706246273	1.100000380241086	1.0999999999819805
1.1139319640701064	1.1015369122321672	1.100067820148366	1.1000003806385517	1.0999999999818972
1.1139041690729692	1.101539217635566	1.100067945978339	1.10000038089922	1.0999999999818155
1.1138706507647744	1.1015409384815598	1.1000680470161677	1.1000003810356265	1.0999999999817316
1.113831222929359	1.1015420502993567	1.1000681220476312	1.1000003810568955	1.0999999999816426
1.113785806396268	1.1015425360861748	1.1000681697463717	1.100000380968846	1.0999999999815449
1.1137342929142342	1.101542373564522	1.100068188677463	1.1000003807740995	1.0999999999814345
1.113676534956276	1.101541535362814	1.100068177300844	1.1000003804721799	1.099999999981308
1.1136123481407196	1.1015399891900328	1.1000681339746257	1.1000003800596085	1.099999999981161
1.1135415135734843	1.1015376980047138	1.100068056958275	1.1000003795299997	1.0999999999809895
1.1134637801101546	1.1015346201785066	1.1000679444156822	1.1000003788741484	1.0999999999807897
1.11337886653603	1.1015307096545626	1.100067794418118	1.1000003780801184	1.0999999999805565
1.1132864636619813	1.1015259161009665	1.1000676049470797	1.1000003771333247	1.0999999999802856
1.1131862363336156	1.1015201850594392	1.100067373897041	1.1000003760166135	1.099999999979973
1.1130778253509193	1.1015134580895005	1.1000670990780976	1.1000003747103406	1.0999999999796128
1.112960849295223	1.1015056729082846	1.100066775221587	1.1000003731924455	1.0999999999792007
1.1128349062600187	1.1014967635261859	1.100066392994015	1.1000003714385223	1.099999999978732
1.112699575481825	1.101486660378491	1.1000659526908183	1.100000369421891	1.0999999999782009
1.112554418866974	1.101475290453149	1.1000654542349417	1.1000003671136624	1.099999999977603
1.1123983811027662	1.1014625764553172	1.1000648965531072	1.1000003644828051	1.0999999999769323
1.1122302486304518	1.1014483182613959	1.1000642776048932	1.100000361496205	1.099999999976183
1.1120500925746792	1.1014324038432717	1.1000635944108135	1.1000003581187272	1.0999999999753505
1.1118577855193958	1.1014148064264444	1.1000628430794306	1.1000003543132744	1.099999999974429
1.1116529808240931	1.101395472304422	1.1000620188335573	1.1000003500408408	1.0999999999734127
1.111435124276634	1.1013743216875411	1.1000611160355618	1.1000003452605698	1.0999999999722956
1.1112034651424127	1.1013512495264668	1.1000601282118314	1.1000003399298028	1.099999999971072
1.1109570665681905	1.101326126311203	1.1000590480764176	1.100000334004132	1.0999999999697354
1.1106948152888525	1.1012987988463692	1.1000578675538946	1.1000003274374486	1.0999999999682806
1.1104154305740441	1.1012690910033693	1.1000565778014695	1.100000320181989	1.0999999999667007
1.1101174723389031	1.101236804450006	1.1000551692303653	1.1000003121883832	1.09999999996499
1.10979934832844	1.1012017193579668	1.1000536315265093	1.1000003034056967	1.0999999999631422
1.1094593202680847	1.1011635950885088	1.1000519536705529	1.1000002937814732	1.0999999999611505
1.1090955088526337	1.1011221708565433	1.1000501239572475	1.1000002832617768	1.0999999999590087
1.1087058974214787	1.1010771663732264	1.1000481300142035	1.100000271791233	1.0999999999567105
1.1082883341381011	1.1010282824670086	1.1000459588200522	1.1000002593130647	1.099999999954249
1.1078405324548013	1.1009752016829872	1.100043596722036	1.1000002457691314	1.0999999999516177
1.1073600695969978	1.100917588860266	1.1000410294530476	1.1000002310999664	1.0999999999488097
1.1068443827422163	1.1008550916868811	1.1000382421481385	1.1000002152448094	1.0999999999458183
1.106290762492671	1.100787341231704	1.100035219360518	1.1000001981416425	1.099999999942637
1.1056963431413884	1.1007139524525746	1.100031945077058	1.1000001797264667	1.0999999999392587
1.1050580022451864	1.1006345246797518	1.1000284027333251	1.1000001598263605	1.0999999999356762
1.1043707660758315	1.1005486412322507	1.1000245690752488	1.1000001382570135	1.099999999931883
1.1036294854269377	1.100455716812815	1.1000204141823668	1.1000001148805347	1.0999999999278713
1.102828640782116	1.1003550829715028	1.100015911104825	1.1000000895432087	1.0999999999236347
1.1019618370947606	1.1002460810302999	1.1000110299873362	1.1000000620758972	1.0999999999191659
1.101021743184237	1.1001279843225047	1.1000057381177326	1.1000000322944334	1.0999999999144574
1.1	1.0999999999999999	1.0999999999999999	1.1	1.0999999999095018
