-0.255760860874938	-0.03582126665095475	-0.0018779949286154007	-1.3873570261280221e-5	8.533615708516962e-7
-0.25393371516584584	-0.03571505361158711	-0.0018738085739373744	-1.3850114407576442e-5	8.533611193239921e-7
-0.25220200178739294	-0.03561642230815254	-0.0018699483042312615	-1.3828491306489e-5	8.533606989935549e-7
-0.2505549395331286	-0.03552465099973978	-0.0018663845056405837	-1.3808541299509258e-5	8.533603074178941e-7
-0.24898285928826835	-0.035439087218932075	-0.0018630901972591651	-1.3790116796030816e-5	8.533599418214521e-7
-0.24747707288874254	-0.03535914442069554	-0.0018600409046907185	-1.3773081696477618e-5	8.533596004278721e-7
-0.24602971573936916	-0.03528429172745007	-0.0018572145409334606	-1.3757310845852189e-5	8.53359279573418e-7
-0.24463369773420718	-0.035214052198168755	-0.0018545912941023701	-1.3742689517037832e-5	8.533589779258222e-7
-0.24328262053715388	-0.035147992813789886	-0.0018521535215516582	-1.3729112921412323e-5	8.53358693375661e-7
-0.24197069516186187	-0.03508571807613925	-0.001849885264213258	-1.3716485749881713e-5	8.533584239245329e-7
-0.24069269600049648	-0.035026868366526465	-0.0018477715706071152	-1.3704721741669701e-5	8.533581685732372e-7
-0.23944382834205102	-0.03497111842190748	-0.0018457996614882344	-1.3693743266651737e-5	8.533579251013279e-7
-0.23821970921475732	-0.034918175922282746	-0.0018439577752358272	-1.3683480939885584e-5	8.533576928426712e-7
-0.23701635264666976	-0.03486777311245359	-0.0018422350529412324	-1.3673873256125901e-5	8.533574699098878e-7
-0.23583015737812518	-0.034819664838132036	-0.0018406214985344782	-1.3664866235441053e-5	8.533572558588887e-7
-0.234657871126144	-0.03477363240001785	-0.0018391079410362554	-1.3656413097695719e-5	8.533570498014953e-7
-0.23349644744025277	-0.03472947326491593	-0.0018376859988120664	-1.3648473948801865e-5	8.53356850738507e-7
-0.23234316273368494	-0.03468700036458183	-0.0018363480457137538	-1.3641015480736485e-5	8.533566577817453e-7
-0.23119550505795283	-0.034646041484552415	-0.001835087178984951	-1.3634010694651977e-5	8.533564338497612e-7
-0.2300511494313573	-0.03460643869646263	-0.0018338971888456346	-1.3627435903273977e-5	8.53356152963336e-7
-0.22890795354553828	-0.03456804783199252	-0.0018327725296405362	-1.3621239244088201e-5	8.533558221168747e-7
-0.22776395437938968	-0.03453073799668349	-0.001831708292476586	-1.3615386827536824e-5	8.533554495260276e-7
-0.2266173656691597	-0.034494391122062984	-0.0018307001792583488	-1.3609854942808752e-5	8.533550426292891e-7
-0.22546657618599797	-0.034458901554626165	-0.0018297444780466243	-1.3604621438512154e-5	8.53354608754131e-7
-0.22431014608279365	-0.03442417097551198	-0.0018288377574702253	-1.3599665661390148e-5	8.533541518973564e-7
-0.22314669555135702	-0.03439010163793843	-0.001827975754521427	-1.3594968390817641e-5	8.533536807187048e-7
-0.22197498539411198	-0.03435660933947249	-0.0018271552680797498	-1.3590511787286985e-5	8.533531978827114e-7
-0.22079391266330273	-0.03432361597574807	-0.0018263734731178705	-1.3586279332011841e-5	8.53352709939692e-7
-0.2196024638707854	-0.03429104900635149	-0.0018256277653245778	-1.358225578007577e-5	8.533522201092936e-7
-0.2183997146753287	-0.03425884128178103	-0.001824915752567824	-1.3578427106919477e-5	8.533517330544527e-7
-0.21718482986770837	-0.03422693088494411	-0.001824235246761674	-1.3574780464153946e-5	8.533512519948161e-7
-0.21595706363610256	-0.03419526098677905	-0.0018235842561244997	-1.3571304130266526e-5	8.533507802610529e-7
-0.21471576009448312	-0.03416377971558848	-0.0018229609778066536	-1.3567987471319043e-5	8.533503200736092e-7
-0.2134603540566613	-0.03413244003972782	-0.0018223637908709733	-1.3564820898315233e-5	8.53349875096221e-7
-0.21219037203890867	-0.03410119966331093	-0.001821791249597693	-1.3561795828120893e-5	8.533494468832004e-7
-0.210905433474055	-0.03407002111684898	-0.0018212420771173132	-1.3558904644384029e-5	8.533490366557928e-7
-0.2096052571792979	-0.034038870999326676	-0.0018207151593325754	-1.3556140666004524e-5	8.533486464123996e-7
-0.2082896429410952	-0.034007715730368204	-0.0018202095391381956	-1.3553498106944062e-5	8.533482774852885e-7
-0.20695839309706043	-0.03397652457499656	-0.00181972441090128	-1.3550972048026466e-5	8.533479305405933e-7
-0.20561137913273542	-0.03394527013391224	-0.0018192592873798041	-1.3548558403631006e-5	8.533476058003586e-7
-0.20424855121035246	-0.033913928303991536	-0.001818814730334406	-1.354625389193842e-5	8.533473048188966e-7
-0.20286993950429966	-0.03388247824734325	-0.0018183899486901023	-1.3544056007397387e-5	8.533470261529175e-7
-0.2014756556179942	-0.03385090236877719	-0.0018179840040790651	-1.3541962990526457e-5	8.533467704685549e-7
-0.20006589407048225	-0.03381918630157621	-0.0018175961299309318	-1.353997380415528e-5	8.533465372106974e-7
-0.1986409338414563	-0.033787318901455254	-0.0018172257257771385	-1.3538088107667434e-5	8.533463257132112e-7
-0.19720113996379096	-0.03375529224860996	-0.001816872351828147	-1.3536306232797557e-5	8.533461356430294e-7
-0.19574696515322465	-0.033723101657776144	-0.0018165357237962532	-1.3534629158318268e-5	8.533459647797059e-7
-0.19427895146537266	-0.03369074569621455	-0.0018162157079644192	-1.3533058491832506e-5	8.533458122350623e-7
-0.19279773197097438	-0.03365822620954506	-0.0018159123164849245	-1.3531596444460448e-5	8.533456772319425e-7
-0.19130403244106153	-0.03362554835538689	-0.0018156257028996148	-1.3530303736075666e-5	8.53345556994789e-7
-0.1897986730345227	-0.0335927206447324	-0.001815356157874426	-1.3529241552845406e-5	8.53345450191334e-7
-0.18828256998159176	-0.03355975499101804	-0.001815104105134857	-1.352838185564309e-5	8.533453552672654e-7
-0.18675673725778585	-0.03352666676684746	-0.0018148700976017285	-1.3527699761484158e-5	8.533452687808918e-7
-0.18522228824398002	-0.03349347486833265	-0.0018146548137121243	-1.3527173921668023e-5	8.533451890668786e-7
-0.18368043736955597	-0.03346020178702491	-0.0018144590539237448	-1.3526786413420311e-5	8.533451130166014e-7
-0.18213250173687912	-0.033426873692080195	-0.0018142837373922305	-1.3526522623541481e-5	8.533450389647257e-7
-0.1805800008418157	-0.03339353370905118	-0.0018141298988185728	-1.3526371144267912e-5	8.533449621372924e-7
-0.17902474795823187	-0.03336022157824381	-0.0018139986854561752	-1.3526323668910933e-5	8.533448814240785e-7
-0.177468286113029	-0.03332696904508037	-0.0018138913542751212	-1.3526374895045379e-5	8.533447924952142e-7
-0.17591233250681726	-0.033293816868959825	-0.001813809269280764	-1.3526522427920185e-5	8.533446919090082e-7
-0.1743588253781363	-0.033260814997729815	-0.0018137538989717594	-1.352676668986419e-5	8.533445770009251e-7
-0.17280992964308028	-0.033228022762540554	-0.0018137268139466478	-1.3527110831468292e-5	8.533444437741622e-7
-0.17126804264588347	-0.033195509093084885	-0.0018137296846396644	-1.3527560648096681e-5	8.533442877878272e-7
-0.16973580004474909	-0.03316335275327176	-0.0018137642791966613	-1.3528124497508287e-5	8.533441059332958e-7
-0.16821608186582826	-0.033131642597370004	-0.0018138324614724866	-1.3528813221030944e-5	8.533438937696758e-7
-0.16671201876773312	-0.03310047784671122	-0.0018139361891575945	-1.3529640069842586e-5	8.533436476332312e-7
-0.1652269985689474	-0.03306996838704346	-0.001814077512024781	-1.3530620629254031e-5	8.533433634161369e-7
-0.16376467310129716	-0.03304023508667853	-0.0018142585702907166	-1.353177274987516e-5	8.533430357893224e-7
-0.162328965464267	-0.03301141013556297	-0.0018144844106806612	-1.3533116480557439e-5	8.533426613110962e-7
-0.16092407776746298	-0.03298363740547683	-0.0018147639280583494	-1.3534674002446678e-5	8.533422349854547e-7
-0.15955449946204459	-0.032957072831559575	-0.0018150969864303423	-1.353646956547827e-5	8.533417523715059e-7
-0.15822501637675934	-0.03293188481541698	-0.0018154838070232326	-1.3538529427092882e-5	8.533412085842684e-7
-0.15694337656790247	-0.03290825614391024	-0.001815925558741327	-1.3540881796281212e-5	8.533405992938725e-7
-0.15571849787468306	-0.03288657133308881	-0.001816424335590927	-1.3543556774520127e-5	8.533399176169354e-7
-0.15455393844647958	-0.03286709212537797	-0.0018169831351857457	-1.3546586301815822e-5	8.533391611109664e-7
-0.15345429001964495	-0.032849954931945646	-0.0018176058383412297	-1.3550004104967428e-5	8.533383231146274e-7
-0.15242536948634466	-0.03283534618613104	-0.001818297189671636	-1.3553845644498352e-5	8.533373988539594e-7
-0.15147427208413866	-0.032823503715040836	-0.0018190627792231684	-1.3558148068248954e-5	8.533363834439811e-7
-0.15060942966655655	-0.03281471822913318	-0.0018199090250612393	-1.3562950161194465e-5	8.53335271222555e-7
-0.1498406751760557	-0.03280933493199778	-0.0018208431568214056	-1.3568292301924245e-5	8.533340559724323e-7
-0.14917931474789548	-0.03280775525307611	-0.0018218732001882287	-1.3574216416456508e-5	8.533327332527207e-7
-0.14863820922715743	-0.032810438706793565	-0.0018230079622714168	-1.3580765937160066e-5	8.533312966241269e-7
-0.14823186729295323	-0.03281790488223302	-0.0018242570178717	-1.358798575923359e-5	8.533297419788255e-7
-0.14797655286924316	-0.032830735568321945	-0.001825630696607572	-1.3595922202735977e-5	8.533280619893446e-7
-0.14789041008101456	-0.032849577020360066	-0.0018271400708833596	-1.3604622971730151e-5	8.533262511045692e-7
-0.14799360971541753	-0.032875142374744426	-0.0018287969446850738	-1.3614137119866143e-5	8.533243042174732e-7
-0.14830852200597322	-0.03290821421975343	-0.0018306138431853913	-1.3624515010857152e-5	8.533222147777408e-7
-0.1488599216232951	-0.03294964733155892	-0.0018326040031380053	-1.363580828583899e-5	8.533199769011901e-7
-0.14967523209317202	-0.03300037158586533	-0.001834781364055127	-1.3648069827398857e-5	8.533175844815943e-7
-0.1507848185614049	-0.033061395057124576	-0.001837160560145934	-1.3661353728711134e-5	8.533150318568161e-7
-0.1522223400053051	-0.033133807318846964	-0.0018397569130064184	-1.3675715260674792e-5	8.533123124765396e-7
-0.1540251748208612	-0.03321878296039915	-0.0018425864250488644	-1.3691210842159407e-5	8.533094206786274e-7
-0.15623493742352124	-0.03331758533762086	-0.001845665773661409	-1.3707898694592657e-5	8.533063491356074e-7
-0.15889870293894548	-0.03343157057687374	-0.0018490123060841412	-1.3725936103048397e-5	8.533030919632978e-7
-0.16208095404470568	-0.03356219357374046	-0.0018526500019822034	-1.3745490715200148e-5	8.532996438326279e-7
-0.16585392194083526	-0.03371132976122482	-0.0018566095067387156	-1.3766687971372704e-5	8.532959968610143e-7
-0.17030018910226286	-0.03388112377024943	-0.0018609188155276346	-1.3789667710373266e-5	8.532921450532527e-7
-0.1755182180965793	-0.03407380890011669	-0.001865608986040046	-1.3814583804228064e-5	8.532880827472056e-7
-0.18162549389982607	-0.03429187972911296	-0.001870714123952455	-1.3841603802244862e-5	8.532838020602895e-7
-0.18876267352615694	-0.034538105217335247	-0.0018762713456568214	-1.3870908586177677e-5	8.532792969973002e-7
