0.0
0.0
0.0
0.0
0.0
0.0
0.0
0.0
0.0
0.0
0.0
0.0
0.0
0.0
0.0
0.0
0.0
0.0
0.0
0.0
0.0
0.0
0.0
0.0
0.0
0.0
0.0
0.0
0.0
0.0
0.0
0.0
0.0
0.0
0.0
0.0
0.0
0.0
0.0
0.0
0.0
0.0
0.0
0.0
0.0
0.0
0.0
0.0
0.0
0.0
0.0
0.0
0.0
0.0
0.0
0.0
0.0
0.0
0.0
0.0
0.0
0.0
0.0
0.0
0.0
0.0
0.0
0.0
0.0
0.0
0.0
0.0
0.0
0.0
0.0
0.0
0.0
0.0
0.0
0.0
0.0
0.0
0.0
0.0
0.0
0.0
0.0
0.0
0.0
0.0
0.0
0.0
0.0
0.0
0.0
0.0
0.0
0.0
0.0
0.0
0.0
0.0
0.0
0.0
0.0
0.0
0.0
0.0
0.0
0.0
0.0
0.0
0.0
0.0
0.0
0.0
0.0
0.0
0.0
0.0
0.0
0.0
0.0
0.0
0.0
0.0
0.0
0.0
0.0
0.0
0.0
0.0
0.0
0.0
0.0
0.0
0.0
0.0
0.0
0.0
0.0
0.0
0.0
0.0
0.0
0.0
0.0
0.0
0.0
0.0
0.0
0.0
0.0
0.0
0.0
0.0
0.0
0.0
0.0
0.0
0.0
0.0
0.0
0.0
0.0
0.0
0.0
0.0
0.0
0.0
0.0
0.0
0.0
0.0
0.0
0.0
0.0
0.0
0.0
0.0
0.0
0.0
0.0
0.0
0.0
0.0
0.0
0.0
0.0
0.0
0.0
0.0
0.0
0.0
0.0
0.0
0.0
0.0
0.0
0.0
0.0
0.0
0.0
0.0
0.0
0.0
0.0
0.0
0.0
0.0
0.0
0.0
0.0
0.0
0.0
0.0
0.0
0.0
0.0
0.0
0.0
0.0
0.0
0.0
0.0
0.0
0.0
0.0
0.0
0.0
0.0
0.0
0.0
0.0
0.0
0.0
0.0
0.0
0.0
0.0
0.0
0.0
0.0
0.0
0.0
0.0
0.0
0.0
0.0
0.0
0.0
0.0
0.0
0.0
0.0
0.0
0.0
0.0
0.0
0.0
0.0
0.0
0.0
0.0
0.0
0.0
0.0
0.0
0.0
0.0
0.0
0.0
0.0
0.0
0.0
0.0
0.0
0.0
0.0
0.0
0.0
0.0
0.0
0.0
0.0
0.0
0.0
0.0
0.0
0.0
0.0
0.0
0.0
0.0
0.0
0.0
0.0
0.0
0.0
0.0
0.0
0.0
0.0
0.0
0.0
0.0
0.0
0.0
0.0
0.0
0.0
0.0
0.0
0.0
0.0
0.0
0.0
0.0
0.0
0.0
0.0
0.0
0.0
0.0
0.0
0.0
0.0
0.0
0.0
0.0
0.0
0.0
0.0
0.0
0.0
0.0
0.0
0.0
0.0
0.0
0.0
0.0
0.0
0.0
0.0
0.0
0.0
0.0
0.0
0.0
0.0
0.0
0.0
0.0
0.0
0.0
0.0
0.0
0.0
0.0
0.0
0.0
0.0
0.0
0.0
0.0
0.0
0.0
0.0
0.0
0.0
0.0
0.0
0.0
0.0
0.0
0.0
0.0
0.0
0.0
0.0
0.0
0.0
0.0
0.0
0.0
0.0
0.0
0.0
0.0
0.0
0.0
0.0
0.0
0.0
0.0
0.0
0.0
0.0
0.0
0.0
0.0
0.0
0.0
0.0
0.0
0.0
0.0
0.0
0.0
0.0
0.0
0.0
0.0
0.0
0.0
0.0
0.0
0.0
0.0
0.0
0.0
0.0
0.0
0.0
0.0
0.0
0.0
0.0
0.0
0.0
0.0
0.0
0.0
0.0
0.0
0.0
0.0
0.0
0.0
0.0
0.0
0.0
0.0
0.0
0.0
0.0
0.0
0.0
0.0
0.0
0.0
0.0
0.0
0.0
0.0
0.0
0.0
0.0
0.0
0.0
0.0
0.0
0.0
0.0
0.0
0.0
0.0
0.0
0.0
0.0
0.0
0.0
0.0
0.0
0.0
0.0
0.0
0.0
0.0
0.0
0.0
0.0
0.0
0.0
0.0
0.0
0.0
1.1108237785218334e-6
1.1179126041456144e-6
1.131909700784711e-6
1.1549892428297119e-6
1.186203107218379e-6
1.2253053511651875e-6
1.272786282056899e-6
1.3288216358637355e-6
1.3937965840811305e-6
1.4678749811750859e-6
1.551611833925083e-6
1.645226518086857e-6
1.749403206978849e-6
1.864410642686804e-6
1.991076383478403e-6
2.1297254271760047e-6
2.281333538416107e-6
2.4462892022045968e-6
2.62572270095228e-6
2.8200956476091246e-6
3.030698508449177e-6
3.258078035958657e-6
3.503689955628819e-6
3.768180845665839e-6
4.053175788392284e-6
4.359438845257196e-6
4.688767210745731e-6
5.042063397231017e-6
5.421297709771606e-6
5.827535752030319e-6
6.262919708687266e-6
6.728706973681715e-6
7.2272076395260645e-6
7.759904060115186e-6
8.329266988469921e-6
8.937041786128554e-6
9.585848745100118e-6
1.0277739588848189e-5
1.1015468564751515e-5
1.1801442817648876e-5
1.2638529862418812e-5
1.3529547425833087e-5
1.4477451394290096e-5
1.5485527140182137e-5
1.65567985675382e-5
1.7695061956360248e-5
1.890340352266822e-5
2.0186166653548532e-5
2.1546496688037657e-5
2.2989317895703718e-5
2.4517833030176685e-5
2.613757829663033e-5
2.7851813968289483e-5
2.9666715706165547e-5
3.158560355399422e-5
3.3615315776286124e-5
3.575923692083872e-5
3.8024885757288846e-5
4.0415718871798445e-5
4.293994731037481e-5
4.560111032295741e-5
4.8408115997193867e-5
5.136460021121752e-5
5.448016500537556e-5
5.775856037704887e-5
6.121007057318086e-5
6.48385808378732e-5
6.865503650091762e-5
7.266348283287971e-5
7.687549511380973e-5
8.129530697354846e-5
8.593508201278711e-5
9.079927387654164e-5
9.590058201153041e-5
0.00010124371467446469
0.0001068418436856017
0.00011269996890268084
0.00011883166010493968
0.0001252422474012953
0.00013194561346422485
0.00013894745803782685
0.00014626188152919894
0.00015389499230116765
0.00016186100407695542
0.00017016647107693687
0.00017882560780776326
0.00018784544827889365
0.0001972400885770257
0.00020701707135256905
0.00021719025017362208
0.0002277676981259358
0.00023876289935417496
0.0002501844699500672
0.0002620453973297021
0.00027435484159707023
0.00028712516843193317
0.0003003660689192393
0.00031408916727995576
0.0003283046559173127
0.00034302331038570127
0.00035825576341734077
0.0003740118757841578
0.0003903025822660561
0.00040713682893505455
0.00042452567454395106
0.0004424771637775868
0.0004610022869837495
0.00048010820617744093
0.0004998056414162515
0.000520100894822298
0.0005410042076877589
0.0005625210475372836
0.0005846609650757263
0.0006074286193401468
0.0006308326588008675
0.0006548769590962744
0.0006795690587283449
0.0007049120720740128
0.000730912227759072
0.0007575718961158053
0.0007848958078117679
0.0008128855994631622
0.000841544331544055
0.0008708729084910885
0.000900872568150801
0.0009315434737370063
0.0009628849116494051
0.0009948962826476495
0.0010275748200519763
0.0010609191273762391
0.0010949243136697507
0.0011295881357687822
0.0011649035405378741
0.0012008673733377808
0.0012374704165731413
0.001274708523635809
0.0013125703476128425
0.001351050653853322
0.0013901360398396465
0.0014298200718234444
0.0014700874044192343
0.0015109302798530235
0.0015523315613496036
0.0015942820299453483
0.0016367629466303615
0.0016797634840231446
0.0017232635258473425
0.0017672504817239202
0.0018117031162422732
0.0018566069173161271
0.0019019398182295467
0.0019476852260690552
0.001993820556131678
0.002040326979312516
0.0020871817267829563
0.0021343635862086704
0.002181849946288007
0.0022296170991169136
0.002277642876717789
0.0023259011182031578
0.0023743702458063494
0.002423021789933923
0.002471834866505552
0.0025207788928818574
0.0025698337577849182
0.0026189670034169775
0.0026681593472884066
0.0027173767327822577
0.0027666007408570104
0.002815796026338244
0.0028649450492699794
0.0029140115149428538
0.002962978761869091
0.0030118099078603653
0.0030604891561915913
0.003108979416081326
0.0031572657322610754
0.003205311194521925
0.0032531016598888337
0.0033006007913585515
0.003347795227138747
0.003394649592584622
0.003441151278020956
0.003487266249874401
0.0035329826275532178
0.003578268079955182
0.003623111442466864
0.0036674824238814028
0.003711370576103698
0.003754747954943747
0.0037976048464657603
0.00383991592438506
0.003881672246778604
0.0039228513345424005
0.003963445078530891
0.004003434029696203
0.00404281099755997
0.004081559695513198
0.004119673964429863
0.004157140758698058
0.004193955091101842
0.004230107179243017
0.004265593376682173
0.0043004071284632435
0.004334546325862522
0.004368007546855833
0.004400790444514058
0.004432894576684795
0.004464321607800796
0.0044950738650865255
0.004525155297036868
0.00455457073440713
0.004583326702503947
0.00461143021961567
0.004638890690284917
0.004665716984473011
0.004691921632197695
0.004717515059988763
0.004742513098821373
0.004766927469515086
0.00479077741658625
0.00481407572073032
0.004836845090867944
0.004859099162577194
0.004880864098045067
0.004902154212990955
0.004922999050432036
0.004943413461863795
0.004963430239047889
0.004983064654681772
0.0050023525601527565
0.0050213095633256264
0.0050399743325646295
0.005058362751502219
0.005076516013703695
0.005094450243312408
0.005112208823393658
0.005129808104452292
0.00514729328538791
0.00516468094651812
0.0051820176975729704
0.005199320365833877
0.00521663654271972
0.005233983329115245
0.005251408852512766
0.00526893051910475
0.005286596538383178
0.005304424654082968
0.005322462703388632
0.00534072879580334
0.005359269949960692
0.005378104660925169
0.005397278698834504
0.005416810951470294
0.005436745534810142
0.005457101720014096
0.005477921595132738
0.005499224785464307
0.005521051016319495
0.005543420215149581
0.005566369455027388
0.0055899188886469435
0.005614102698174197
0.005638941158279585
0.005664465376906746
0.005690695620480139
0.005717659798180975
0.005745378011294785
0.0057738749066868905
0.005803170238151077
0.005833285391946222
0.005864239558632213
0.0058960509654134
0.005928737915472181
0.0059623157182428005
0.005996801435234937
0.006032207727446719
0.006068550096252252
0.006105838819194342
0.006144087569354683
0.006183304496855073
0.006223501232823303
0.006264684043185101
0.006306862360798942
0.006350040794724351
0.00639422648210391
0.0064394225843191705
0.006485633904321321
0.006532862345441643
0.006581110395707456
0.006630378869892584
0.006680668015540651
0.006731977708453196
0.00678430608151261
0.0068376522022140515
0.006892012261067547
0.006947384630686836
0.007003763772048477
0.007061147461352843
0.0071195286767040235
0.007178904684192438
0.00723926725214938
0.007300613213887917
0.007362933419663684
0.0074262243418461975
0.007490476214819835
0.007555685219989386
0.007621841280438373
0.007688940358416487
0.0077569723646475405
0.007825933119496276
0.007895812806987076
0.007966607191794374
0.008038306996466557
0.008110908028328855
0.00818440178676373
0.008258784235139304
0.008334047855349302
0.008410188897792529
0.008487200995097328
0.008565080835429825
0.008643823329023824
0.008723425774067553
0.008803884440977353
0.008885197433132633
0.008967362417425663
0.009050378521590142
0.009134244797953342
0.009218961642432867
0.0093045294377693
0.009390950106687912
0.00947822528045974
0.009566358660454752
0.009655353038823998
0.009745214130658347
0.0098359458021197
0.009927555997290683
0.010020049574861063
0.010113436901696724
0.010207723757049175
0.010302923102022346
0.010399041577636792
0.010496094888195454
0.010594090494102577
0.010693046969735052
0.010792972571755575
0.0108938888502173
0.01099580485672645
0.0110987452024035
0.011202719756624966
0.011307756257859288
0.011413865442402481
0.011521078224232512
0.01162940628417642
0.011738883742438894
0.011849523332601765
0.011961362394589514
0.012074414855829932
0.012188721271848215
0.012304296940268154
0.012421185609367762
0.01253940416115254
0.012658999493149612
0.012779990326542538
0.012902426641154574
0.013026329295708803
0.013151751258254546
0.013278715870073466
0.01340727896172932
0.013537466751913444
0.013669337771047143
0.013802921563054817
0.013938279152648952
0.014075443912779137
0.01421447910748495
0.014355422501180121
0.014498339286075922
0.014643272241336288
0.014790288113110754
0.014939435380953553
0.01509078190093054
0.015244382601583208
0.015400305928839125
0.01555861407125126
0.015719375468826305
0.015882660424330418
0.016048536828496003
0.01621708364082284
0.016388368003013055
0.01656247779589666
0.016739479359630275
0.01691946964963598
0.01710251417768928
0.017288719046423772
0.017478148941250327
0.017670919093351584
0.017867093395476017
0.018066796087399455
0.018270090336894917
0.01847710916201173
0.018687915108753988
0.018902649624994522
0.019121374774229826
0.019344239961427
0.019571306942241913
0.019802732477533863
0.020038578223116735
0.020279007564132045
0.020524082294240374
0.020773971561417633
0.021028737559145215
0.02128855421031754
0.021553484387237216
0.0218237056796302
0.022099281925438564
0.022380393162375705
0.022667104477459468
0.022959597039416628
0.023257937451197898
0.02356230661326618
0.023872772879680357
0.02418951542009895
0.024512604526239917
0.02484221613328725
0.02517842258997269
0.025521395077239807
0.02587120803297161
0.026228026375764518
0.026591926556410007
0.026963065764777305
0.0273415222579708
0.027727444104570252
0.028120911008626244
0.028522060632253217
0.028930973591930417
0.029347776000106223
0.029772548654095003
0.03020540515046487
0.030646425517796488
0.031095710082328153
0.03155333691698284
0.032019392572563185
0.03249395171390122
0.032977086999370915
0.033468867662804755
0.03396935294936453
0.03447860428768989
0.03499666821294594
0.035523595943346815
0.03605942202491467
0.03660418513047308
0.03715790853323614
0.037720616136121016
0.03829232062892114
0.03887302907049064
0.03946274420752939
0.04006145436997714
0.04066915293134687
0.04128580783434793
0.0419114035587539
0.04254588626300167
0.04318923190395547
0.04384136375151098
0.04450224948596438
0.04517178870481623
0.04584994092060691
0.04653658161800947
0.04723166210327348
0.047935033669158494
0.048646639223485624
0.049366306161552104
0.050093968644693246
0.050829430844875914
0.051572617674705126
0.05232331113639123
0.05308142624340823
0.05384672425436016
0.05461910949528899
0.05539832426646539
0.05618426129481758
0.05697664604655539
0.057775358633036
0.05858011012320449
0.05939076691402879
0.06020702839387492
0.061028746090118616
0.06185561066885094
0.0626874576052514
0.06352397199971807
0.06436497209682934
0.06521014073834908
0.06605927779754744
0.0669120672637418
0.06776828957073032
0.06862763330651907
0.06948985850526582
0.07035466179381542
0.07122178198980572
0.0720909271245698
0.07296181418017292
0.07383416539717551
0.07470767676950793
0.0755820858694464
0.0764570699671539
0.07733238210281329
0.07820768359000524
0.0790827428335849
0.07995720816893369
0.08083086305096716
0.08170334597300478
0.08257445494444358
0.08344382185546304
0.08431125862559459
0.08517639382806584
0.08603905253253057
0.08689886327378273
0.08775566342930795
0.08860908471278788
0.08945897591788586
0.0903049750422791
0.09114694138651798
0.09198452217736477
0.09281758632533908
0.09364579302770058
0.09446901994797519
0.09528694075275387
0.09609944106634905
0.0969062112473881
0.0977071441749353
0.09850194881855451
0.09929052471007979
0.10007260102354315
0.10084808345964616
0.10161672264990976
0.1023784301080945
0.10313297882696117
0.10388028591167307
0.1046201472683711
0.10535248550814776
0.10607711965492388
0.1067939778747058
0.10750290217560275
0.10820382645660136
0.10889661525372343
0.10958120849746344
0.11025749249306702
0.11092541361001049
0.11158487888633266
0.11223584163292306
0.11287822833490996
0.11351199982599534
0.11413710053488557
0.11475349946104907
0.11536115728922086
0.11596005187074343
0.11655015830999736
0.11713146402099658
0.11770395657569929
0.11826763367545923
0.11882249337035618
0.1193685442222246
0.11990579293175191
0.12043425923372789
0.1209539568802049
0.12146491683074988
0.12196715851018136
0.12246072392029195
0.12294563699024162
0.12342195037533882
0.12388969153804616
0.12434892322181013
0.12479967563415366
0.1252420208945982
0.12567599133449683
0.12610166762054795
0.12651908373716486
0.12692832798156062
0.12732943565414362
0.12772250170591531
0.12810756253332695
0.128484718730257
0.12885400767038063
0.12921553456891233
0.12956933774402274
0.12991552602104656
0.13025413870217104
0.13058528723997942
0.13090901202007507
0.13122542618271563
0.1315345713453981
0.13183656145156483
0.13213143953908568
0.13241931953374514
0.13270024611490402
0.13297433243898993
0.13324162507498324
0.13350223572986397
0.1337562131334044
0.1340036669343524
0.13424464831507235
0.1344792643257925
0.1347075689128746
0.13492966605117399
0.13514561278230097
0.13535550958540155
0.13555941694968887
0.13575743148632424
0.1359496175077035
0.13613606742318204
0.13631684976989192
0.1364920524496456
0.13666174865503136
0.1368260214918704
0.13698494927147464
0.13713861011774028
0.13728708767197642
0.13743045526511236
0.13756880175023295
0.1377021961166886
0.13783073225180972
0.13795447524785176
0.13807352387407856
0.13818793976255525
0.13829782643214458
0.13840324248467104
0.1385042960705822
0.1386010431861116
0.13869359650382762
0.1387820098362337
0.13886640027142788
0.13894681986040583
0.1390233899977032
0.13909616139903822
0.1391652596488296
0.13923073456176133
0.1392927157836542
0.13935125267467388
0.13940647879768436
0.1394584435215757
0.1395072841625415
0.13955305058275866
0.13959588366561126
0.13963583427716791
0.13967304665663544
0.13970757321547445
0.1397395613094354
0.13976906547276088
0.13979623590782925
0.13982112989010165
0.1398439001650526
0.13986460741418566
0.1398834065855429
0.13990036248340817
0.1399156318768854
0.139929284467399
0.13994147841794258
0.13995228916490748
0.1399618757868183
0.13997032036224988
0.13997778234934943
0.13998435145136057
0.1399901869053582
0.139995387102713
0.1400001103859637
0.14000446498436167
0.14000860759106465
0.14001265751396452
0.14001676895161227
0.14002107362613408
0.14002572229677915
0.14003086053295521
0.14003663476490358
0.14004320545103277
0.14005071439353997
0.1400593372642744
0.14006921150580665
0.1400805280877746
0.14009342039116834
0.1401080946948845
0.140124680649438
0.140143399766894
0.14016437833590292
0.14018785292280062
0.14021394686475738
0.14024291148562318
0.14027486762707778
0.14031008094153927
0.14034867027992587
0.14039091504900278
0.1404369326645407
0.14048701555685353
0.1405412803139384
0.14060003149333233
0.14066338551371863
0.14073165799187728
0.14080496588424715
0.14088363462443143
0.1409677824578083
0.14105774321886677
0.1411536372305388
0.14125580514372366
0.14136437017597345
0.14147967805083378
0.14160185571467496
0.14173125207428455
0.1418679986425626
0.1420124454925175
0.1421647295289868
0.14232519986886252
0.14249399960421708
0.14267147469446093
0.14285777516454187
0.14305324156593469
0.14325803153151773
0.1434724779383265
0.14369674660974077
0.1439311605014089
0.1441758940948673
0.14443125823437677
0.14469743638995478
0.14497472519991383
0.14526331729381908
0.1455634931436317
0.14587545452942127
0.14619946396867248
0.1465357321835021
0.1468845021577722
0.14724599313053327
0.14762042741860537
0.14800803151445238
0.14840900708483143
0.14882358536077947
0.14925194842473782
0.14969432938915841
0.1501508918922224
0.15062186809270658
0.15110740436580217
0.1516077291453299
0.15212297274110767
0.15265335719183232
0.15319899793103114
0.15376010806816762
0.15433678931672015
0.15492924349078868
0.15553755968385544
0.1561619262448233
0.15680242066916053
0.15745921589120748
0.15813237873213326
0.1588220650026506
0.15952833165690325
0.16025131592836617
0.160991065578946
0.16174769807733114
0.16252125252162058
0.16331182570027697
0.16411944841800746
0.1649441961415824
0.1657860915850407
0.16664518852401883
0.1675215016091496
0.16841506282226662
0.16932587859613726
0.1702539592750564
0.1711993027327887
0.17216189808142388
0.1731417341038855
0.1741387793234733
0.17515301270625047
0.17618438305669384
0.17723285860066101
0.17829836950914243
0.1793808721438363
0.18048027933273647
0.18159653424533742
0.18272953385364626
0.18387920659877363
0.1850454352738209
0.18622813184265066
0.187427166782614
0.18864243361371227
0.1898737925454902
0.19112111646426805
0.19238425754611888
0.1936630656250334
0.19495738713222552
0.19626704660549726
0.19759188649832168
0.1989317046354565
0.20028634042634064
0.2016555639630262
0.20303921232465322
0.20443702703641403
0.2058488433600644
0.20727437360851297
0.2087134515415554
0.21016575981469682
0.21163113080659043
0.21310921728506016
0.21459985017613176
0.21610265236175275
0.21761745305366334
0.21914384550090701
0.22068165675133444
0.22223045094561505
0.22379005233284718
0.22535999676195898
0.2269401048670343
0.22852988533387408
0.23012915418923005
0.23173739441441277
0.2333544162681727
0.23497967883102513
0.23661298527513017
0.2382537729400201
0.23990183644872967
0.2415565939214611
0.24321782984367454
0.2448849459993488
0.24655771504454244
0.24823552566384888
0.24991813691639947
0.25160492796230494
0.25329564245343833
0.25498965391410655
0.2566866887741822
0.2583861190911956
0.2600876522979201
0.2617906633916589
0.2634948391219653
0.2651995620179298
0.26690449660326515
0.268609037654971
0.2703128261309871
0.2720152738265679
0.27371599705975275
0.2754144293905921
0.2771101617553645
0.27880265411666516
0.28049147168794936
0.28217610527242476
0.2838560944902342
0.28553096480462264
0.28720023188246185
0.2888634575962872
0.2905201383499105
0.29216987161601854
0.29381214044463727
0.29544657678405334
0.297072656570111
0.2986900449140775
0.30029821709557586
0.30189686993345644
0.303485484637341
0.3050637881853761
0.306631274335906
0.30818769863860274
0.3097325739516309
0.31126568282495876
0.31278656359741075
0.31429502432171535
0.3157906349245041
0.31727322759468407
0.318742409577668
0.32019803601869573
0.3216397567372821
0.32306744889502725
0.32448080957034997
0.3258797372902288
0.32726398041792554
0.3286334585275779
0.3299879745543588
0.3313274691712658
0.33265180236332714
0.33396093635360197
0.3352547897869672
0.33653334730799184
0.3377965869173151
0.33904451698397164
0.34027717461386675
0.34149459363579876
0.34269686904660734
0.3438840622925237
0.3450563240811468
0.3462137460350062
0.34735653144055534
0.3484848050240998
0.34959881859756187
0.35069873324335527
0.3517848443705497
0.3528573529400043
0.3539165922171524
0.3549628067684167
0.35599636124017264
0.35701754766126376
0.35802675494142616
0.3590243264747587
0.3600106677804791
0.36098617747541467
0.36195126987515064
0.36290640175686023
0.3638519897315326
0.3647885486955773
0.3657164935912663
0.36663639557464384
0.36754866472383096
0.3684539255236655
0.3693525806233195
0.3702453039413764
0.37113248873687543
0.3720148535844718
0.3728927809574625
0.37376702852195165
0.37463796708756325
0.3755063871684742
0.3763726474937085
0.37723756462243196
0.37810148518318054
0.3789652445450664
0.3798291775435444
0.3806941308250507
0.3815604279927864
0.3824289192790015
0.383299917792608
0.38417426964176743
0.3850522782794454
0.38593477810125554
0.3868220637673901
0.3877149506305539
0.3886137253738255
0.3895191773655865
0.39043158601244077
0.39135170826869375
0.39227981678924057
0.39321663030827503
0.39416241502521454
0.39511784637113756
0.3960831841145904
0.3970590561080235
0.39804571540989536
0.399043738893907
0.400053372304918
0.4010751390630485
0.4021092766638719
0.40315625355506657
0.40421629772003115
0.405289822081961
0.40637704354005466
0.40747831989828576
0.4085938551213798
0.40972395322698196
0.41086880315995494
0.4120286573626426
0.41320368749413944
0.414394097442349
0.4156000391988771
0.4168216719035916
0.41805912527208383
0.41931251842793876
0.42058195582327096
0.42186752198175936
0.4231692936433196
0.42448732581747095
0.42582166600422994
0.4271723443500854
0.42853937850926976
0.4299227779611471
0.4313225307876938
0.4327386295348229
0.4341710338041712
0.4356197224854541
0.43708462853231056
0.43856572001649047
0.4400629057239209
0.441576145335029
0.44310532649159284
0.44465040253373733
0.44621124341205076
0.44778779784413186
0.4493799218515866
0.45098756096105985
0.4526105612132856
0.45424886613869614
0.45590231580801144
0.4575708527631672
0.4592543150584133
0.4609526451160068
0.46266568275634146
0.4643933710563445
0.4661355551096842
0.4678921793669814
0.46966309733422973
0.47144825553143666
0.4732475185695132
0.4750608357340139
0.47688808492465806
0.4787292189034555
0.48058413048981374
0.4824527766521291
0.48433506618175104
0.48623096099627505
0.48814038632664747
0.49006330977874096
0.49199967291953633
0.49394944975209243
0.4959125975372006
0.4978890973180846
0.49987892091913677
0.501882056956983
0.5038984902687248
0.5059282174176266
0.5079712343638385
0.5100275457752891
0.5120971566060615
0.5141800794989221
0.5162763261861639
0.5183859167014632
0.5205088674590861
0.5226452047765712
0.5247949478405262
0.5269581276507538
0.5291347644572696
0.5313248919025648
0.5335285297967179
0.5357457120183974
0.537976456633846
0.5402207950680913
0.5424787425236635
0.5447503250924479
0.5470355541540824
0.5493344474986116
0.5516470118553354
0.5539732537585612
0.5563131745585954
0.5586667666994569
0.5610340254880107
0.5634149266642026
0.5658094588569557
0.5682175788046956
0.5706392678217752
0.5730744617503285
0.5755231339236081
0.577985197870145
0.5804606182234113
0.5829492853192286
0.5854511543054911
0.5879660920291621
0.5904940432926193
0.5930348517683489
0.5955884509810785
0.5981546623628169
0.6007334071675672
0.6033244861308202
0.6059278072023343
0.6085431525468687
0.6111704157653374
0.613809363113038
0.6164598728241687
0.6191216983782233
0.6217947016963717
0.6244786270100633
0.6271733191036041
0.6298785167906936
0.6325940470724434
0.6353196473756144
0.638055126506942
0.6408002246273572
0.643554732231433
0.6463183963107404
0.6490909892800074
0.6518722688398418
0.6546619901901831
0.6574599247143291
0.6602658130452732
0.6630794415552513
0.6659005400007337
0.6687289104958165
0.6715642760259851
0.6744064548689863
0.6772551675942977
0.6801102487741479
0.6829714210591599
0.6858385352027372
0.6887113204666839
0.691589643479147
0.6944732445681723
0.6973620057906725
0.7002556828169899
0.7031541726013718
0.7060572501565513
0.7089648267699292
0.7118767004327312
0.7147927962186216
0.71771293829285
0.7206370650312566
0.7235650294643741
0.7264967828892621
0.7294322093390764
0.7323712727880931
0.7353138898209526
0.7382600370092244
0.7412096644297939
0.7441627613558353
0.7471193116843993
0.7500793176919772
0.7530427968205209
0.7560097648554692
0.758980271927718
0.7619543480420142
0.7649320746157533
0.7679134967835878
0.7708987253444601
0.773887821665448
0.7768809235711481
0.7798781099440641
0.7828795428848843
0.7858853202420291
0.7888956253091942
0.7919105765052737
0.7949303749615428
0.7979551614131906
0.8009851512606835
0.8040205094318896
0.8070614618710181
0.8101081996973422
0.8131609555666108
0.816219948906088
0.8192854152479495
0.822357604378718
0.8254367514905081
0.8285231374446995
0.8316169954436086
0.834718637277158
0.8378282931333123
0.8409463052836782
0.8440729002416378
0.8472084501333669
0.8503531774745577
0.853507483474036
0.8566715866364497
0.8598459163647463
0.8630306874222968
0.8662263564204711
0.8694331349095079
0.8726515056369794
0.8758816777037022
0.8791241588363995
0.8823791566652749
0.8856472026474111
0.888928504118351
0.8922236149101954
0.895532743420677
0.8988564643738972
0.9021949887528454
0.9055489105364809
0.9089184449682778
0.9123042034613715
0.915706407332657
0.919125683394316
0.9225622609717633
0.9260167799968508
0.9294894798425098
0.9329810110100534
0.9364916250412249
0.9400219801644845
0.9435723422674193
0.947143374157831
0.9507353582698238
0.9543489585331545
0.9579844761141558
0.9616425723051019
0.9653235691294346
0.9690281212004341
0.9727565734096333
0.9765095694016694
0.9802874787722998
0.9840909297081203
0.9879203181024138
0.9917762520574507
0.995659155039426
0.9995696103806361
1.0035080699968524
1.0074750877961554
1.0114711445363906
1.0154967602751013
1.0195524441523969
1.023638679329536
1.0277559995552696
1.0319048511287148
1.0360857865758892
1.0402992162195133
1.0445457048444857
1.04882562787035
1.05313955542718
1.057487829261199
1.0618710176308033
1.0662894299565944
1.0707436252109817
1.0752338819079061
1.0797607422391322
1.0843244552496962
1.0889255389016192
1.0935642141699455
1.0982409675160005
1.1029559931443487
1.1077097390583837
1.1125023738304651
1.117334300498675
1.1222056629189057
1.1271168132390945
1.1320678712336676
1.1370591329447128
1.1420906943656417
1.1471627910431546
1.1522754951088041
1.1574289781548288
1.162623287950125
1.1678585296931936
1.1731347258411415
1.1784519138503589
1.1838100894517174
1.1892092221536295
1.1946492790762302
1.2001301627462027
1.205651809327208
1.2112140565096974
1.2168168067156966
1.2224598361080294
1.22814301017811
1.2338660479931627
1.2396287745691905
1.2454308573712987
1.251272077099583
1.2571520560880187
1.2630705266554494
1.2690270733493303
1.2750213758968127
1.2810529891558362
1.2871215359929244
1.2932265502891418
1.2993675938147635
1.3055441885878563
1.3117558313716007
1.3180020406385347
1.3242822472470495
1.3305959714185704
1.3369425797631853
1.3433215980338162
1.3497323315789937
1.3561743146839382
1.3626467954114825
1.36914931882789
1.3756810805564748
1.3822416379833342
1.3888301398779916
1.3954461568285017
1.402088796935614
1.4087576442767598
1.4154517729232214
1.4221707802026529
1.4289137131034158
1.4356801815103737
1.442469212438132
1.4492804272558344
1.4561128401372154
1.4629660825568669
1.4698391628740453
1.4767317210550661
1.4836427664468606
1.4905719457258508
1.4975182757006218
1.5044814078695037
1.5114603725615232
1.5184548241562725
1.525463812076992
1.532486991638559
1.5395234363962294
1.5465728006874206
1.5536341866690244
1.5607072458527371
1.5677911128843487
1.574885434689244
1.5819893817106951
1.58910259463164
1.5962242824416168
1.603354078040809
1.6104912311863868
1.6176353655784843
1.6247857734796471
1.6319420681001984
1.6391035855134002
1.6462699272819254
1.6534404742190252
1.6606148152188294
1.6677923764456697
1.6749727332497053
1.6821553574949781
1.689339810270369
1.696525609237414
1.7037123008026671
1.710899447526944
1.7180865830818144
1.7252733115854268
1.7324591574158021
1.739643762344591
1.7468266450525678
1.7540074813623376
1.761185787769766
1.7683612708453154
1.7755334483728578
1.7827020546618109
1.7898666122545859
1.7970268804788865
1.8041823901315106
1.8113329231199187
1.8184780220322976
1.8256174891958115
1.8327508825701593
1.8398780230193332
1.8469984874857444
1.8541121137671335
1.8612185014032223
1.868317503808813
1.8754087466971405
1.8824920980798603
1.8895672133253791
1.896633974332468
1.9036920694438275
1.9107413940619598
1.9177816725826464
1.9248128138720817
1.931834581132617
1.9388468970144708
1.9458495658656219
1.9528425248152472
1.9598256211926899
1.966798807686061
1.9737619758523608
1.9807150954080701
1.9876581027163194
1.9945909863771045
2.001513727402263
2.008426335503332
2.015328835394112
2.0222212604741343
2.0291036773872455
2.0359761461096375
2.0428387726021375
2.049691646568756
2.05653490984002
2.0633686851986193
2.0701931460933074
2.0770084518602356
2.0838148025656773
2.090612397609588
2.097401458017154
2.104182226660928
2.1109549397624563
2.117719885612481
2.1244773110410504
2.1312275499674156
2.137970856118481
2.1447076080371703
2.151438063079267
2.1581626423673477
2.16488160407776
2.1715954088772493
2.1783043134168167
2.1850088139528694
2.191709163716081
2.1984058897754326
2.205099240472869
2.211789768207293
2.2184777153539574
2.2251636535884325
2.2318478185851918
2.23853079482232
2.2452128108281872
2.251894457147688
2.2585759549459907
2.26525789400284
2.2719404880667486
2.278624319390532
2.2853095943514248
2.2919968811462033
2.29868637886149
2.3053786354964956
2.3120738429043826
2.3187725232746703
2.3254748612087064
2.332181348129546
2.338892161249582
2.3456077570295215
2.3523283050048454
2.35905422332205
2.36578567338048
2.372523032562965
2.379266453495245
2.386016271281378
2.3927726289636806
2.3995358187925406
2.4063059732640464
2.4130833421190196
2.4198680462235913
2.4266602940260915
2.433460193601312
2.44026791412481
2.447083549694909
2.4539072329454816
2.4607390428509586
2.4675790788364163
2.47442740371064
2.4812840875011943
2.488149175982423
2.4950227139786247
2.501904729497051
2.5087952465935626
2.515694275269715
2.522601822993935
2.5295178822712203
2.5364424477194887
2.543375495591467
2.550317010943716
2.557266955669421
2.5642253081165065
2.5711920182595116
2.578167060178098
2.5851503748075926
2.5921419340219454
2.599141672919031
2.60614956289523
2.613165536616814
2.620189566445103
2.627221586107774
2.634261570140968
2.641309456801193
2.648365223830524
2.655428817351504
2.6625002192180816
2.6695793865304633
2.6766663060865308
2.6837609487673566
2.69086330712022
2.697973368231719
2.7050911312203474
2.712216601368781
2.719349785241606
2.726490707833087
2.733639384112923
2.7407958598006754
2.7479601593385117
2.7551323496709594
2.762312465906532
2.769500596200367
2.776696787660105
2.7839011491352803
2.791113741211064
2.798334692434757
2.805564078495829
2.812802046192166
2.820048688091028
2.8273041673791424
2.834568595417813
2.8418421495462503
2.8491249619722074
2.8564172216192567
2.863719083722538
2.8710307459330897
2.8783523888148292
2.885684215644453
2.8930264347225902
2.9003792519541176
2.907742904970988
2.9151176003455523
2.9225036055532048
2.9299011267063704
2.937310461145426
2.944731813664947
2.952165511210808
2.9596117566675124
2.9670709060665397
2.9745431600487633
2.982028902970733
2.989528333144214
2.9970418622674924
3.0045696864738054
3.0121122436118744
3.0196697280089864
3.027242602277555
3.0348310595188592
3.042435585535614
3.0500563729751664
3.057693929077068
3.065348446983019
3.0730204534393097
3.080710143190752
3.0884180603855493
3.0961444026240024
3.103889729177455
3.1116542418806654
3.1194385126756314
3.127242749118439
3.1350675331971027
3.1429130797639337
3.150779978058783
3.1586684518714616
3.166579094735789
3.1745121410624697
3.182468185566436
3.1904474749786833
3.198450601940671
3.206477827189556
3.214529737915308
3.2226066105009603
3.2307090232072335
3.238837269621297
3.2469919155262783
3.2551732731510548
3.263381892218086
3.2716181048727924
3.2798824412002463
3.288175254329486
3.296497051185428
3.304848206691998
3.313229201197373
3.3216404319262467
3.3300823493975287
3.338555373284037
3.347059921762733
3.3555964351513436
3.36416529902705
3.372766970298595
3.3814018032441338
3.3900702665871227
3.39877268471804
3.4075095331940295
3.416281108012434
3.4250878864264966
3.4339301375862923
3.442808335200927
3.4517227231355023
3.460673766269502
3.4696616847238855
3.4786869292794522
3.487749697791644
3.4968504217535714
3.5059892781296167
3.5151666740820335
3.524382766910457
3.533637934615689
3.5429323158668327
3.5522662549515305
3.5616398727058054
3.5710534754975405
3.580507166846622
3.5900012114035382
3.599535695566197
3.60911083894028
3.618726710632594
3.6283834824053818
3.638081205503674
3.647820001630112
3.6575999031613184
3.6674209801560558
3.677283244648319
3.6871867141447865
3.697131378368269
3.7071172020792615
3.7171441502033282
3.7272121353075836
3.7373210944987925
3.7474708894758892
3.757661425956834
3.7678925168897455
3.778164032477158
3.7884757398379256
3.7988274689740136
3.809218944906415
3.8196499521955354
3.8301201783044627
3.8406293565642775
3.851177142220103
3.8617632110528803
3.8723871922152546
3.883048697103705
3.8937473351923693
3.9044826475958643
3.9152542290973695
3.9260615468599127
3.936904184157337
3.947781531733879
3.9586931640188023
3.969638393652691
3.9806167883497774
3.9916275817578533
4.0026703364556955
4.013744207011423
4.024848751889731
4.035983047294987
4.047146648037564
4.0583385534710406
4.06955831465259
4.080804856382605
4.0920777253150975
4.10337577476205
4.114698545786418
4.126044824019722
4.137414143226436
4.148805225879162
4.160217596239962
4.171649918823517
4.1831017057163065
4.194571569315364
4.206059006421601
4.217562583749518
4.229081779303113
4.240615121095461
4.252162064460939
4.263721106184855
4.275291674740167
4.286872243594498
4.298462209894076
4.310060032074964
4.321665071265786
4.3332757794710375
4.344891476934713
4.356510618078127
4.368132477269315
4.379755520376458
4.3913789708278586
4.4030013150823475
4.414621720545576
4.426238703455512
4.43785137014546
4.449458275797719
4.461058460709064
4.472650528079669
4.484233447342554
4.495805878631581
4.507366715875227
4.518914684833934
4.5304485995261015
4.541967258593744
4.553469395478842
4.564953883492625
4.57641938130659
4.587864833296285
4.599288831192862
4.610690386427933
4.622068031899615
4.633420841780056
4.64474729843983
4.656046534225054
4.667316989418595
4.678557849779815
4.689767522016404
4.700945240401399
4.712089386594978
4.723199238400392
4.734273160918216
4.745310470468352
4.756309523989874
4.7672696713277585
4.778189269520949
4.789067697021545
4.799903319050674
4.810695537872633
4.821442734755587
4.8321443311532715
4.842798731993007
4.853405373514633
4.863962691632777
4.874470133236601
4.884926172242441
4.8953302623653885
4.905680922196984
4.915977608814889
4.926218891790971
4.936404228510354
4.946532245434749
4.956602397658417
4.9666133740181175
4.976564625226774
4.986454907525562
4.9962836657157625
5.0060497279822656
5.0157525322996985
5.02539098280643
5.034964510408515
5.044472098634072
5.053913171811746
5.063286795671576
5.072592389252426
5.081829102617746
5.090996351665567
5.1000933721807264
5.109119579997095
5.118074297196225
5.126956943619935
5.135766926882612
5.144503677322299
5.153166684385619
5.1617553988201035
5.170269385653761
5.178708126720928
5.187071256680957
5.19535829884299
5.203568951942045
5.211702790765806
5.21975957300747
5.227738934466187
5.23564068716016
5.2434645368683945
5.2512103458327895
5.258877898115108
5.266467102660609
5.273977829345485
5.281410030927309
5.288763669748243
5.296038740163901
5.303235302643562
5.310353391647326
5.317393170334278
5.324354712535872
5.331238287460585
5.338044008371864
5.344772252587195
5.3514231736813604
5.357997257752839
5.364494700401315
5.370916095716248
5.377261683873143
5.383532164641762
5.389727826151912
5.395849469981819
5.401897436396261
5.407872623329974
5.413775428124037
5.4196068380413145
5.425367313142303
5.431057921441891
5.436679191987691
5.4422322634781874
5.447717740744392
5.453136821689833
5.458490194139522
5.463779102423497
5.469004324852649
5.474167138242706
5.479268419013358
5.4843094615273
5.489291247899919
5.494215074294775
5.4990820358920685
5.503893414316732
5.508650424770453
5.513354318556578
5.51800643449564
5.522607982582393
5.527160420637106
5.5316649132673295
5.536123028660936
5.540535883327015
5.544905145319649
5.549231881427739
5.553517847420831
5.557764059752102
5.561972348281593
5.566143679415059
5.570279942203063
5.574382054077134
5.57845194732382
5.5824904921241965
5.586499647230905
5.590480237802128
5.594434231725152
5.598362411709714
5.602266737150332
5.606147951065315
5.610007986705751
5.61384755016981
5.617668531167785
5.621471601493462
5.625258590448301
5.62903013781444
5.632787996417175
5.636532775834111
5.640266137410893
5.643988661687983
5.647701904842165
5.65140641876185
5.655103642314141
5.65879409821002
5.662479097629003
5.666159132557777
5.669835378064118
5.673508292751247
5.6771789092694505
5.680847648998156
5.684515398118128
5.688182535719354
5.691849799818177
5.695517520905882
5.699186289566379
5.702856380148882
5.706528238997452
5.71020207558
5.713878197650823
5.717556739928988
5.721237879645129
5.7249216658711894
5.728608155716375
5.732297300803396
5.735989050648102
5.7396832471495465
5.743379745943569
5.747078268259782
5.7507785889359235
5.75448029992687
5.758183107243867
5.761886467503167
5.7655900286734525
5.769293108559882
5.772995306621551
5.776695800986912
5.780394150853367
5.784089396388961
5.787781063487137
5.791468058589272
5.795149879975851
5.7988253070086575
5.802493814831081
5.806154064643737
5.809805511791479
5.813446710325298
5.817077098095395
5.820695134895554
5.824300242475919
5.827890800902988
5.831466216457131
5.835024805374296
5.83856595849301
5.8420879451876955
5.845590140455957
5.849070784538609
5.85252923595109
5.855963723959569
5.859373589904607
5.86275707033114
5.866113488852448
5.869441107300229
5.872739231337289
5.8760061655072935
5.879241197809705
5.882442692014016
5.885609919422988
5.888741318320296
5.891836145110939
5.894892926362273
5.897910906344896
5.900888711893215
5.9038255789791645
5.906720244666108
5.9095719416152495
5.912379524860792
5.915142229942533
5.917859035230017
5.920529186548037
5.923151788476487
5.925726105729448
5.92825136907531
5.930726872893885
5.933151969617017
5.935525998179626
5.937848423377832
5.9401186439976845
5.942336227487972
5.944500646255905
5.946611560815407
5.948668529097501
5.950671295412238
5.95261951305894
5.954513001360574
5.956351516627673
5.958134945036722
5.9598631512571565
5.9615360808902365
5.963153709973873
5.964716036911273
5.966223149788069
5.967675094035774
5.969072068194279
5.97041415981133
5.971701674119953
5.972934736716481
5.974113753747884
5.975238885591509
5.976310631700763
5.977329184697936
5.978295128132176
5.979208684976769
5.980070512317397
5.980880862120479
5.981640453378243
5.982349566110123
5.98300896880815
5.98361896889649
5.984180371486406
5.984693510921787
5.985159215883261
5.985577847186256
5.985950244160233
5.98627679356142
5.986558332862426
5.986795274039047
5.986988440881857
5.987138269582172
5.987245559343173
5.987310769211803
5.98733466402579
5.987317723921276
5.987260670890506
5.9871640039598395
5.987028395224208
5.986854359968929
5.986642514854754
5.986393388389733
5.986107538035474
5.9857855014902315
5.985427776274076
5.985034902284714
5.984607320230691
5.984145564540828
5.983650023115068
5.983121217989053
5.982559488629095
5.981965338769093
5.981339064027716
5.980681145068079
5.979991838320285
5.979271597828188
5.978520645452324
5.977739406327534
5.976928072236109
5.9760870383692515
5.975216470732501
5.974316734750564
5.9733879747265455
5.972430527627608
5.9714445198873225
5.970430262343326
5.969387867158057
5.968317622245875
5.967219628887243
5.966094155994
5.964941297185196
5.963761306824325
5.9625542739735655
5.961320443243201
5.960059902188033
5.958772890603141
5.957459497596164
5.956119963030211
5.95475438070359
5.95336299518404
5.951945908240795
5.950503373355481
5.9490355037502995
5.947542565437713
5.946024686828149
5.944482149344264
5.9429151006141465
5.941323839490259
5.939708537170607
5.938069511000858
5.936406960439042
5.934721221361915
5.933012526516143
5.931281229281035
5.929527601044748
5.927752010581541
5.9259547735694715
5.924136271006115
5.922296868760633
5.9204369559955605
5.918556954462018
5.916657257685643
5.914738346567249
5.91280061705356
5.910844610775315
5.908870724536981
5.906879561316723
5.904871517384589
5.9028472567785215
5.900807174083081
5.898751993186654
5.896682106130962
5.894598294529474
5.8925009473530015
5.890390900924998
5.888268540965548
5.886134754647612
5.883989924612631
5.881834984237228
5.879670313597356
5.877496886915238
5.87531508253206
5.873125909528717
5.87092974562493
5.868727628235861
5.866519935810784
5.864307727133977
5.862091382919856
5.85987197601617
5.857649891062353
5.8554262074252215
5.853201315387562
5.850976293153885
5.848751538356771
5.8465281203207855
5.84430644564881
5.842087567130509
5.839871901797063
5.8376604784073525
5.835453725637663
5.833252640973402
5.831057665631368
5.828869758925507
5.826689375105987
5.824517428851614
5.822354387454224
5.820201115015875
5.818058091311688
5.815926124533997
5.813805705733843
5.811697582555354
5.809602255387526
5.807520407467604
5.805452545773189
5.803399286141117
5.801361138497685
5.799338649364191
5.79733232662394
5.795342647762272
5.793370110133762
5.791415125796118
5.789478171551419
5.787559598161244
5.785659851789559
5.783779225948478
5.7819181262941415
5.780076792971852
5.778255581580901
5.776454682540435
5.774674392272148
5.772914854790974
5.771176298758391
5.769458824713702
5.767762585624672
5.7660876410180695
5.764434060994828
5.762801865997999
5.761191036958941
5.759601556567081
5.75803331125877
5.7564862466422335
5.7549601504130425
5.753454931060425
5.751970274468633
5.750506051215273
5.749061843564852
5.747637482600233
5.746232446496009
5.744846524441427
5.743479091452533
5.742129891596567
5.740798199112582
5.739483708886739
5.738185598244988
5.736903508015222
5.735636523970706
5.734384227212665
5.733145618813469
5.731920213730218
5.730706936652011
5.729505229282991
5.72831394966585
5.727132458525136
5.725959558345058
5.724794520615487
5.723636104611467
5.7224834839096115
5.721335388075415
5.720190883790231
5.719048685428211
5.7179077436243855
5.716766772946746
5.715624598811779
5.714479951813571
5.713331523865627
5.712178074834128
5.711018162444827
5.709850581525414
5.708673760234603
5.707486531421591
5.706287200552451
5.705074640486983
5.703847042536606
5.702603320541466
5.701341561756679
5.700060721021014
5.698758793069012
5.697434772888284
5.696086575524214
5.694713234493325
5.69331259912002
5.691883739170937
5.69042445317999
5.6889338443492
5.687409676126572
5.68585108193223
5.684255806406758
5.682623009710293
5.680950434318513
5.679237263541241
5.677481254478019
5.675681610038998
5.673836118659537
5.671943999497564
5.670003088733051
5.668012618772389
5.665970489418816
5.663875943835669
5.661726960572717
5.659522791717249
5.657261508712408
5.654942371539289
5.652563557490781
5.650124334350403
5.647622996821941
5.645058821463691
5.642430230363819
5.639736511003356
5.636976221062817
5.634148662366188
5.631252534468496
5.62828715830819
5.62525137953077
5.6221445443718014
5.618965646598987
5.615714065377197
5.612388942350673
5.608989698711131
5.605515621389807
5.601966184159581
5.598340814204213
5.594639050045562
5.590860450946134
5.587004635451685
5.583071283127358
5.57906010832738
5.574970898901713
5.570803479304832
5.566557734393428
5.5622336110732205
5.557831080797594
5.553350223189837
5.548791086867541
5.544153892237667
5.539438756715601
5.534646047271989
5.529775942886804
5.524828960533721
5.519805334701264
5.514705733442785
5.509530441897596
5.504280277923143
5.498955573647339
5.493557293147823
5.488085813048389
5.482542237830703
5.476926987242462
5.471241298229053
5.465485633339643
5.459661352057075
5.45376896036768
5.447809928545988
5.441784807498314
5.435695164918249
5.429541598834448
5.423325759575312
5.417048295071025
5.410710922324557
5.40431434236867
5.397860321996207
5.391349618801058
5.3847840318214075
5.378164378756789
5.371492472959478
5.3647691956903
5.357996356575202
5.351174903627642
5.344306624875738
5.337392537839123
5.330434391520194
5.323433275093039
5.316390881816538
5.309308373902728
5.3021873731149025
5.295029115173308
5.287835135799302
5.280606743643749
5.27334537539613
5.266052410507966
5.258729177864445
5.251377117580186
5.243997451006276
5.236591663351304
5.229160872245103
5.221706591260206
5.214229838954046
5.206732140479835
5.199214420605631
5.191678199491983
5.1841243138375726
5.176554262696592
5.168968800666816
5.161369390274645
5.153756710055683
5.1461321714936386
5.138496383005531
5.130850691616644
5.123195641323597
5.115532502547259
5.107861760182097
5.10018459731455
5.0925014445592085
5.08481338847524
5.077120809625764
5.069424690482917
5.06172536511525
5.05402370605048
5.046320003690081
5.038615016506193
5.030908993293509
5.023202576121796
5.015495973454581
5.007789710369161
5.000083955491471
4.992379118041469
4.984675326540295
4.976972877155524
4.969271857316008
4.961572454533848
4.953874713495274
4.946178718947011
4.938484470594003
4.93079195768173
4.923101132196236
4.915411896383183
4.907724151376169
4.900037722006006
4.892352455139688
4.884668108693935
4.876984471699334
4.869301246394448
4.861618160381929
4.853934872002235
4.846251043956379
4.83856630278882
4.830880243156851
4.823192471276265
4.815502513165529
4.807809963483166
4.800114281809055
4.792415058013164
4.784711689212577
4.777003766088942
4.769290628648961
4.761571872900928
4.7538467883122735
4.746114979743158
4.738375693740619
4.7306285466584015
4.722872750609711
4.715107935313991
4.707333287617166
4.699548451827758
4.691752599178677
4.683945389266515
4.676125987659297
4.6682940695434105
4.660448804870323
4.652589884447442
4.6447164925685565
4.6368283355475475
4.628924621706517
4.621005072726221
4.6130689301948715
4.605115931110654
4.597145358953966
4.589156966188184
4.581150086049431
4.5731244869099354
4.565079558726919
4.557015086608697
4.548930523182053
4.540825671579207
4.53270005192663
4.52455348719323
4.516385568635009
4.508196141446852
4.499984870380662
4.4917516258618555
4.483496147198203
4.475218333690205
4.46691799893126
4.458595075393787
4.450249449351565
4.441881091396697
4.433489957556823
4.425076062129484
4.416639426678538
4.408180115405576
4.399698209948651
4.39119383118879
4.3826671141977895
4.374118243825768
4.36554740120554
4.356954841831618
4.348340786075579
4.339705565325359
4.331049433288618
4.322372801219201
4.313675950911531
4.304959376268746
4.296223382615005
4.28746854809137
4.278695197712062
4.269903994257116
4.261095279319687
4.252269799551128
4.243427910738471
4.234570441497517
4.225697760136158
4.216810774226415
4.207909863610114
4.1989960107526185
4.190069606692135
4.181131703723074
4.172182704345319
4.163223724677449
4.154255179492251
4.1452782418538785
4.136293340099897
4.127301696561105
4.1183037548376085
4.109300778127849
4.1002932273156345
4.091282397434599
4.082268768905903
4.073253659027193
4.064237570144366
4.055221831811412
4.046206970714126
4.037194318330337
4.028184428014948
4.019178622632952
4.010177484332078
4.001182316753981
3.9921937326313586
3.98321300583891
3.974240781024776
3.9652782919697565
3.956326215972169
3.9473857367685428
3.9384575643104065
3.9295428228837492
3.9206422542290076
3.911756914494774
3.9028875753446566
3.894035217002349
3.885200638058894
3.8763847361163677
3.8675883324194453
3.8588122376250666
3.850057286741098
3.841324204380838
3.832613826277183
3.8239267947735667
3.8152639322666575
3.8066258029121998
3.7980132017135304
3.7894266189111256
3.7808668082825765
3.7723341904955334
3.7638294647206374
3.7553529863440827
3.746905387229735
3.7384869616033125
3.7300982622316043
3.7217395260160338
3.7134112159684958
3.705113515109827
3.696846787383376
3.688611164884098
3.680406904713175
3.672234090421587
3.6640928662098946
3.6559832688275686
3.647905325379831
3.6398590268698174
3.631844281095044
3.6238610336539865
3.615909072889554
3.6079882986216583
3.600098381702434
3.592239175106271
3.5844102362725665
3.576611369619778
3.5688420253267648
3.5611019569777422
3.5533905156329806
3.545707401298877
3.5380518759188333
3.5304235828401107
3.5228217065774183
3.5152458305506507
3.507695075005196
3.5001689601500074
3.4926665563372685
3.4851873174551775
3.4777302792672327
3.470294826606499
3.462879976562709
3.4554850427655888
3.4481090398152805
3.440751208789424
3.4334105778949118
3.4260863153194485
3.418777478517502
3.4114831636664786
3.404202471136869
3.396934430822074
3.389678194057886
3.3824327358845627
3.375197262236619
3.3679707071575096
3.3607523334590046
3.353541049155218
3.3463361750142893
3.339136608739873
3.3319417291096003
3.3247504396150975
3.317562176255577
3.3103758644120655
3.303190995868622
3.296006533627569
3.2888220233647645
3.2816364807063416
3.274449503058925
3.267260172605733
3.2600681362329853
3.2528725552338447
3.2456731237953687
3.238469093216662
3.2312602030221305
3.224045803521467
3.2168256779465594
3.209599282542988
3.202366443045587
3.1951267263446494
3.1878799999601592
3.1806259438365734
3.1733644670787378
3.1660953627675825
3.1588185819085552
3.151534028503085
3.144241696255848
3.136941595658697
3.1296337643335863
3.12231831275548
3.114995324009812
3.107665000157301
3.1003274715042104
3.0929830216416443
3.0856318299276744
3.0782742500418827
3.070910512144132
3.063541027478496
3.0561660785103153
3.0487861207712177
3.0414014901183193
3.034012672687634
3.0266200582264298
3.0192241497402508
3.0118253906135455
3.004424287289378
2.9970213356341655
2.989617033317541
2.982211924778806
2.9748064900723725
2.967401314563168
2.9599968551344706
2.952593728575009
2.945192364437036
2.93779340050164
2.9303972360840445
2.9230045189432157
2.915615616347579
2.90823117478631
2.900851528600684
2.8934773118728145
2.8861088258951413
2.8787466816456866
2.8713911478367486
2.8640428023920013
2.856701882342914
2.8493689236322393
2.842044132793528
2.8347279961252885
2.827420691001104
2.8201226478719326
2.812834016337555
2.8055551664074856
2.798286221259607
2.79102748757637
2.7837790633762953
2.776541190882817
2.769313944100816
2.762097501408875
2.754891913827624
2.747697298190089
2.7405136834735604
2.7333411288388247
2.726179642124684
2.7190292301082266
2.711889880433951
2.704761553997611
2.697644219326363
2.6905377989128403
2.683442243484987
2.6763574453178114
2.669283339016658
2.662219795241408
2.6551667346310093
2.6481240149448126
2.641091545610569
2.634069180004285
2.6270568198074824
2.6200543220265997
2.6130615848691434
2.606078476189179
2.5991048958768355
2.5921407287832294
2.58518588257495
2.5782402638684045
2.571303795375235
2.564376408524451
2.5574580493404637
2.5505486756811804
2.543648265383754
2.5367568035076715
2.5298743079655703
2.523000791103433
2.516136318625307
2.50928092971629
2.502434744751656
2.4955978289275667
2.4887703630718985
2.4819524373253987
2.475144297424492
2.4683460572764897
2.461558030470576
2.4547803534992614
2.4480134090967676
2.441257355240831
2.4345126433611295
2.4277794519617255
2.4210582989381857
2.41434938253516
2.4076532831204753
2.400970218070753
2.39430082453685
2.3876453385724035
2.381004446846771
2.3743784037387483
2.367767936764592
2.3611733183052466
2.354595306857205
2.348034192413489
2.3414907536396057
2.334965297570859
2.3284586115676595
2.321971018832516
2.3155033035901735
2.309055803896804
2.3026292889766866
2.2962241098525538
2.2898410091796513
2.2834803483545394
2.2771428325203593
2.270828830026858
2.2645389985069806
2.258273708907233
2.252033562598654
2.2458189277452396
2.239630342225164
2.2334681649557213
2.2273328648526194
2.2212247840048334
2.215144318856985
2.2090917859715407
2.203067508153439
2.197071765980821
2.1911048105055295
2.1851668741506702
2.1792581404080305
2.173378781629051
2.1675289184016737
2.1617086522254008
2.1559180456804983
2.150157120061723
2.1444258848930335
2.138724273583552
2.1330522474414546
2.1274096461822123
2.121796387484135
2.1162122135870742
2.1106570027537073
2.1051303980938205
2.099632242208675
2.094162079599668
2.088719720443113
2.08330461332388
2.0779165386860443
2.0725548540009395
2.067219312134048
2.0619091862461563
2.0566242032740814
2.051363560710973
2.046126960774159
2.0409135355672277
2.0357229634451746
2.030554322790227
2.025407268710389
2.0202808386463103
2.015174664960235
2.0100877577363803
2.0050197271191115
1.999969569900924
1.99493687471078
1.989920639255529
1.9849204316764666
1.9799352645997317
1.9749646871789208
1.9700077404249061
1.9650639566143906
1.9601324177420563
1.9552126420536222
1.9503037639534626
1.9454052913423405
1.940516421007339
1.935636655111543
1.930765261098859
1.9259017409765486
1.9210454392150476
1.916195864243592
1.911352441864131
1.906514694489231
1.9016821310652907
1.8968542974342557
1.8920307838471653
1.8872111715966917
1.8823951271528914
1.8775822792783643
1.8727723650478287
1.867965071514951
1.8631602005042815
1.8583575066989786
1.8535568507702638
1.8487580626697633
1.8439610561328097
1.8391657421493397
1.8343720819992906
1.829580071491271
1.8247897143070613
1.8200010927965278
1.8152142483598617
1.8104293495369093
1.805646471273683
1.8008658659107715
1.7960876382980342
1.7913121202360351
1.7865394433569006
1.781770012762589
1.7770039842273644
1.7722418283561008
1.7674837228416198
1.7627301945700502
1.7579814412583263
1.7532380356796378
1.7485001939031335
1.7437685233001203
1.7390432567218994
1.7343250242523167
1.7296140739262182
1.7249110463690962
1.720216203036793
1.7155301829573604
1.7108532589465626
1.706186056642446
1.701528857731841
1.696882263322327
1.6922465609363273
1.6876223169510098
1.6830098210388098
1.6784095958522025
1.6738219287934117
1.6692472912366205
1.6646859630979636
1.6601383585599485
1.6556047440059758
1.6510854723131454
1.646580789448666
1.642090984785158
1.6376162761775812
1.6331568893856343
1.62871300537631
1.6242847886161451
1.6198723733217633
1.6154758669011184
1.6110953474045253
1.6067308698008664
1.6023824477419684
1.5980500885120321
1.593733734541288
1.58943335014805
1.5851488012915642
1.5808800138598422
1.5766267737861654
1.5723889727591192
1.568166314900805
1.5639586615319627
1.55976563497795
1.5555870695578848
1.5514225075989279
1.5472717592813177
1.5431342904580405
1.539009889518933
1.5348979509928722
1.5307982433287046
1.5267100963701798
1.5226332600146621
1.518567007378765
1.5145110707979181
1.5104646757401254
1.5064275376467688
1.5023988443148224
1.4983782947302955
1.4943650496570893
1.4903587919387868
1.4863586663541402
1.4823643399016264
1.4783749525772698
1.4743901559289865
1.4704090962717598
1.4664314103065987
1.462456261419877
1.4584832723850287
1.454511633826172
1.450540955922652
1.4465704658966692
1.4425997631675862
1.4386281199117037
1.434655127195519
1.430680109327866
1.426702652057964
1.422722137683747
1.4187381503381555
1.4147501347294236
1.4107576777580164
1.4067602894480031
1.40275756453062
1.3987490794938833
1.394734443204415
1.3907132970979785
1.386685272800387
1.3826500723711603
1.3786073590984338
1.3745568909485346
1.370498370984568
1.3664316082899424
1.3623563528252216
1.3582724600656633
1.354179732887516
1.3500780686168226
1.345967327875846
1.3418474455849507
1.337718343702234
1.333579990851196
1.3294323726526707
1.3252754879682984
1.321109387151807
1.3169340963059268
1.312749730364193
1.3085563401643265
1.3043541039012259
1.3001430951387507
1.2959235529289725
1.2916955720408378
1.2874594489920357
1.2832152987008119
1.2789634708846638
1.2747040999866712
1.2704375839090867
1.266164076383746
1.2618840178658617
1.2575975814790248
1.253305244119948
1.2490071986921358
1.244703952080232
1.2403957175854614
1.236083025419643
1.2317661100735213
1.22744551834744
1.2231215068343049
1.218794632226871
1.2144651742042747
1.210133692807914
1.2058004918145793
1.2014661283194576
1.1971309311983442
1.1927954486367345
1.188460035570237
1.1841252257093342
1.179791400947393
1.175459075403382
1.1711286587487404
1.1668006408778941
1.1624754599763831
1.1581535777750602
1.1538354610492783
1.1495215412882454
1.1452123113264494
1.1409081732263522
1.136609642324867
1.1323170926904935
1.1280310586057452
1.1237518878632275
1.1194801302747666
1.1152161092891932
1.110960387013779
1.1067132646370776
1.102475313537584
1.098246814824616
1.0940283463474612
1.089820171369024
1.0856228716343663
1.0814366948071497
1.0772622241693866
1.0730996940164603
1.0689496870064599
1.0648124262573355
1.0606884918144592
1.0565780977502284
1.0524818196497976
1.0483998645980706
1.044332801979473
1.0402808338637588
1.0362445217660832
1.0322240646168885
1.0282200144313234
1.0242325687696845
1.0202622685229452
1.0163093115322932
1.0123742259206852
1.00845721133002
1.0045587814315464
1.0006791390402963
0.9968187816402336
0.9929779164247363
0.9891570228995932
0.9853563136507423
0.9815762483661938
0.9778170458190609
0.9740791440079917
0.9703627684354276
0.966668333534152
0.9629960717883936
0.9593463722210174
0.955719474219406
0.9521157396320972
0.9485354142955307
0.9449788312549472
0.9414462419193944
0.9379379491011188
0.9344542084347752
0.9309952914247464
0.9275614558086126
0.9241529417045733
0.9207700049926328
0.9174128558750058
0.9140817435870494
0.9107768500585365
0.9074984129476035
0.9042465875165099
0.9010215948931052
0.8978235652187345
0.8946526981845146
0.8915091002747447
0.8883929449579232
0.8853043164136947
0.8822433573018393
0.8792101307068068
0.8762047441754939
0.8732272407303406
0.8702776888667456
0.8673561123682505
0.8644625371881178
0.861596968451309
0.8587593866058704
0.8559497784250536
0.8531680764903982
0.8504142492301862
0.8476881796668905
0.8449898175684988
0.8423189954324152
0.8396756437134956
0.8370595441911917
0.8344706070085965
0.8319085638416183
0.8293733031770567
0.826864508029268
0.8243820435471155
0.8219255463581913
0.8194948562728858
0.8170895666294572
0.8147094896079761
0.8123541791512181
0.8100234172630855
0.8077167231389746
0.8054338458531068
0.803174275198195
0.8009377244128105
0.7987236598555505
0.7965317559338491
0.7943614620783047
0.7922124108499348
0.7900840416961005
0.7879759423716621
0.7858875496147274
0.7838184035489619
0.7817679456881823
0.7797356659162844
0.7777210179469346
0.7757234395554721
0.773742402592579
0.7717772943928145
0.7698276074453173
0.7678926825310844
0.7659720341756472
0.7640649614042653
0.762171001619703
0.7602894175324117
0.7584197697507548
0.7565612906472831
0.7547135639044525
0.7528757979551484
0.7510475990236642
0.7492281583026426
0.7474171036893369
0.7456136160139264
0.743817343708301
0.7420274641730022
0.7402436450356409
0.7384650671337103
0.736691415819538
0.7349218820511088
0.7331561673692003
0.731393479242415
0.7296335338618292
0.7278755612017487
0.7261192906220777
0.724363980111662
0.7226093708270123
0.7208547537147165
0.7190998805104583
0.7173440794301035
0.71558711176332
0.7138283466231334
0.712067554049307
0.7103041469590102
0.7085379035794888
0.7067682827959862
0.7049950707129208
0.7032177735971566
0.7014361853742457
0.6996498603632844
0.6978586005024404
0.6960620081119676
0.6942598935668121
0.6924519064500965
0.6906378662078847
0.6888174683069244
0.6869905420799622
0.68515682691396
0.6833161629904
0.6814683311346958
0.6796131834465273
0.677750539262624
0.6758802637352561
0.6740022113946552
0.6721162616723785
0.6702223004627396
0.6683202231680092
0.6664099426385919
0.6644913717625401
0.6625644462078375
0.6606290972923613
0.6586852798026622
0.6567329438479275
0.6547720600654117
0.6528025971878249
0.6508245388502453
0.6488378717715458
0.6468425901242827
0.6448386975710667
0.6428261967264565
0.6408051068170494
0.638775437137102
0.6367372208295443
0.6346904724049494
0.6326352370764008
0.6305715333705367
0.6284994165941424
0.6264189083166605
0.6243300718973339
0.6222329311668416
0.6201275554927257
0.6180139703433054
0.6158922491043236
0.6137624183852135
0.6116245537051261
0.6094786824175085
0.607324880440279
0.6051631755498998
0.6029936425161208
0.6008163092747966
0.5986312481183982
0.5964384869223655
0.5942380944125769
0.5920300982201221
0.5898145626687006
0.5875915149946049
0.5853610145430018
0.5831230880421161
0.5808777895386148
0.5786251451859493
0.5763652036577029
0.5740979905278176
0.5718235492483037
0.5695419048917567
0.5672530960393394
0.5649571474496351
0.5626540933484054
0.5603439585080194
0.5580267734377501
0.555702563427546
0.5533713559886789
0.5510331776364944
0.548688053681928
0.5463360126915855
0.5439770786951604
0.5416112833298312
0.5392386502515544
0.5368592154462783
0.5344730030481434
0.5320800549233337
0.5296803964819663
0.5272740772282969
0.524861124599107
0.5224415976863187
0.5200155266694657
0.5175829823274171
0.5151439982810851
0.5126986591967773
0.5102470028391611
0.5077891300091957
0.5053250833460705
0.5028549820201744
0.5003788743312674
0.49789689997840525
0.495409113791903
0.49291567801743164
0.49041665499878123
0.48791223133784306
0.4854024780164176
0.48288760752665194
0.48036770078147384
0.477842997356215
0.4753135895807969
0.4727797449028528
0.4702415687682685
0.4676993568244432
0.4651532295603307
0.46260351063721905
0.4600503377514287
0.4574940618350769
0.4549348401949174
0.452373049699343
0.44980886990095825
0.4472427016547371
0.4446747496113234
0.44210543603618147
0.43953499372159693
0.4369638631431827
0.43439230843432075
0.4318207844724895
0.42924959004146296
0.4266791900359967
0.4241099212525588
0.421542253689311
0.418976565503714
0.4164133264168871
0.4138529592044254
0.41129592758803435
0.40874270190200507
0.4061937347942164
0.4036495443679594
0.4011105697169523
0.39857737463624426
0.39605038330472886
0.3935302020495059
0.3910172391122487
0.3885121393965765
0.3860152945194252
0.383527383250849
0.3810487802163241
0.37858019264581366
0.3761219781029646
0.3736748662494299
0.3712391977784115
0.36881571822333303
0.3664047518165082
0.3640070529754791
0.36162293004745516
0.3592531390349723
0.35689797308354954
0.35455818229627756
0.35223404534393526
0.34992629889452215
0.34763520784678686
0.3453614879857759
0.34310539104715443
0.3408676047144546
0.33864836800579773
0.3364483336547025
0.33426772817652073
0.3321071630134771
0.3299668520986881
0.32784735987965724
0.32574888727633555
0.32367194679683586
0.3216167255161387
0.3195836799258187
0.3175729819834147
0.3155850290482324
0.31361997621858867
0.3116781596438263
0.30975971533580465
0.3078649172519632
0.30599387960210583
0.30414681430252777
0.3023238105683775
0.30052501957344024
0.2987505018942313
0.2970003504012872
0.29527459297735453
0.2935732677395453
0.2918963654647123
0.29024387412462416
0.28861574268859574
0.28701191456932545
0.2854322920352235
0.28387678016975865
0.2823452302187553
0.2808375149331063
0.2793534313983248
0.2778928254359964
0.2764554380420176
0.27504109298268226
0.2736494744091529
0.27228038834341967
0.2709334624916119
0.26960848886131183
0.26830504022679846
0.267022897727031
0.26576158176918924
0.2645208651967826
0.26330021958532707
0.2620994115082273
0.2609178681179368
0.2597553512320177
0.25861124874969654
0.257485318783052
0.2563769157857054
0.2552857948063607
0.25421128316618075
0.25315313314674404
0.25211065161738033
0.2510835881099424
0.2500712359492281
0.2490733417254156
0.24808919221225947
0.24711853072707046
0.2461606444348135
0.24521527297808737
0.24428171067269344
0.2433596930792735
0.24244852811850154
0.2415479469166607
0.24065727703565748
0.2397762449234435
0.23890420330254133
0.23804087385281844
0.23718563937501283
0.23633821688217527
0.23549802350009297
0.23466477189446397
0.2338379170398933
0.23301716780933274
0.23220201979193683
0.2313921788642061
0.2305871832199624
0.22978673677347436
0.22899042153742938
0.2281979407221923
0.227408920613904
0.22662306517832137
0.22584004469236366
0.22505956553469875
0.22428134057726568
0.22350508161793015
0.22273054080025428
0.2219574391260664
0.2211855640012493
0.22041464908002184
0.21964451316554756
0.21887490539476342
0.21810567229730712
0.21733658069557396
0.21656750140727857
0.21579822052135567
0.21502862996445582
0.2142585360715697
0.21348784897457843
0.21271639566533188
0.2119441018590684
0.21117081509070526
0.2103964743163625
0.2096209470291805
0.20884418335309365
0.2080660697447293
0.2072865656758052
0.20650557522868404
0.20572306563456516
0.20493895699132442
0.20415322290811486
0.2033657976880494
0.2025766601162751
0.20178575676307842
0.2009930705391239
0.20019855828645822
0.19940220611448653
0.19860397915109584
0.19780386587519086
0.19700183778579577
0.19619788497600088
0.1953919835277626
0.19458412444700093
0.19377428678445952
0.19296246179583465
0.19214863009957642
0.1913327825657267
0.1905149002219918
0.18969497293973414
0.18887298125985041
0.18804891346480346
0.18722274898455632
0.18639447395148998
0.1855640663318011
0.18473150958746834
0.18389678012876398
0.1830598582850778
0.18222071905898352
0.1813793392653833
0.18053569285821794
0.17968975286380645
0.1788414926788824
0.17799088152554052
0.1771378927076059
0.17628249194264647
0.17542465287420186
0.17456433826960296
0.17370152255698657
0.1728361663396618
0.17196824526837648
0.17109771879139257
0.17022456420069956
0.16934874100307662
0.1684702285246524
0.16758898772239278
0.16670500032319946
0.16581823027022322
0.16492866203602255
0.16403626419036263
0.16314102428354899
0.16224291721192746
0.1613419339353049
0.1604380573877134
0.15953128228495256
0.1586216012703503
0.15770901319371677
0.15679352198848157
0.1558751310654068
0.15495385708738288
0.15402970851918596
0.15310271600256195
0.1521728936313848
0.15124028704062933
0.1503049166242384
0.1493668437493713
0.1484260958878142
0.14748275056794585
0.14653684323125882
0.14558846765874447
0.14463766827064173
0.14368455483430664
0.14272918187326536
0.14177167450564426
0.14081209859167876
0.139850593592358
0.13888723803504185
0.1379221843494382
0.13695552514043657
0.13598742408110612
0.13501798932215417
0.13404739372735286
0.13307576249253372
0.1321032753245746
0.13113007596357887
0.13015634835711748
0.1291822562537007
0.12820798503205197
0.1272337198389957
0.126259644770495
0.12528596690234636
0.12431286723435894
0.12334057414693825
0.12236926449606415
0.12139918675285513
0.12043051278641988
0.11946350956622923
0.11849834333486087
0.1175352976198247
0.11657453259373954
0.11561634609169454
0.11466089195671163
0.11370847981488579
0.11275925708656065
0.11181354245545874
0.11087147697141034
0.10993338547884736
0.10899940282993775
0.1080698570254788
0.10714487698639939
0.10622479081565801
0.10530972183429088
0.10439999520115828
0.10349572900418565
0.1025972424766034
0.10170464884611809
0.10081825855804352
0.09993818033038619
0.0990647131287505
0.0981979614627254
0.09733821034377031
0.09648556030057001
0.09564028017511352
0.09480246664716768
0.09397237046885515
0.09315008448911018
0.09233583977407928
0.0915297252313335
0.09073195099174398
0.0899426017715171
0.08916186587924763
0.08838982344352353
0.08762664043428574
0.08687239184719542
0.08612722116919572
0.0853911975697344
0.08466444227509906
0.08394701779203084
0.08323902366363806
0.08254051476229769
0.08185156986326214
0.08117223510876777
0.08050256973703881
0.07984260995373205
0.07919239697978164
0.0785519557826397
0.0779213113576695
0.07730047601458855
0.07668946053400587
0.07608826321434521
0.07549688259547341
0.07491530188107305
0.07434350915242237
0.0737814717454951
0.07322916886496654
0.07268655150479075
0.07215359137096176
0.07163022292371297
0.07111641154427574
0.07061207523069889
0.07011717401283232
0.06963160973932779
0.06915533786794371
0.06868824462820047
0.06823028149978631
0.06778131981603688
0.06734130749808377
0.06691010187355372
0.0664876475621852
0.06607378891909613
0.06566846737055611
0.06527151545120789
0.06488287136620384
0.06450235707800542
0.06412990742131108
0.06376533511020599
0.0634085713516832
0.06305942099199358
0.06271781125876524
0.062383540551139614
0.06205653168434325
0.0617365780570201
0.06142359757011316
0.06111738008217393
0.060817838021107365
0.060524759169587466
0.06023804987832021
0.05995749731400393
0.05968300111164574
0.05941434927105371
0.05915143404944878
0.05889404571274548
0.05864206846536649
0.05839529625187005
0.058153604546631085
0.0579167923610127
0.05768472577081288
0.057457210214126045
0.057234101719734004
0.057015213479962065
0.056800390860182695
0.0565894560970956
0.056382243321004985
0.056178584892583074
0.05597830369528609
0.05578124251444133
0.05558721389452477
0.055396070609331854
0.055207616079180725
0.05502171257661261
0.054838155686699704
0.0546568166506154
0.054477484574209714
0.05430003910588632
0.054124264288656444
0.05395004759449018
0.05377716947224344
0.05360552462069161
0.05343489140590049
0.05326517115300585
0.05309614168805217
0.052927710368178456
0.052759656040541114
0.05259189151618444
0.05242419822808743
0.05225649388993322
0.05208856407240617
0.05192033087828915
0.05175158553711602
0.05158225407608765
0.051412134854900524
0.05124115742053909
0.051069128664302035
0.05089598131943682
0.050721532119868906
0.05054571673339896
0.05036836293650987
0.05018940917172125
0.050008695326596145
0.0498261625595788
0.04964166378693394
0.04945514293322534
0.049266466691969574
0.04907558191951802
0.048882369649748444
0.04868677995664582
0.048488708578007814
0.04828810921419451
0.04808489245951623
0.04787901617282547
0.04767040573823997
0.047459023826669826
0.04724481032108095
0.04702773347501276
0.046807747153797236
0.04658482607410747
0.046358937344173914
0.04613006312457395
0.04589818281045663
0.04566328707508697
0.04542536643872404
0.045184421228617155
0.04494045177684136
0.04469346914332641
0.044443482169358804
0.04419051352627496
0.04393457936960575
0.04367571462419159
0.04341394168145588
0.04314930812161967
0.04288184161609907
0.04261160256274078
0.0423386230827652
0.04206297631882526
0.04178469813814512
0.041503874128678626
0.04122054332439346
0.04093480324440107
0.04064669563039763
0.040356329219260724
0.04006374811510839
0.039769071378372024
0.039472345235390074
0.0391736980161676
0.03887317792379778
0.038570921367317
0.038266978463972805
0.03796149239963684
0.03765451521293435
0.037346195478785954
0.03703658722038781
0.03672584295506224
0.03641401879537951
0.03610126972239921
0.03578765407001447
0.035473327798790116
0.035158351608757965
0.034842880975780754
0.034526979109987734
0.03421079958258452
0.03389440824399048
0.03357795540756188
0.03326150966861823
0.03294521681662982
0.032629148260348594
0.032313444104477874
0.03199817859464249
0.031683485110428025
0.03136944070531075
0.031056171126468232
0.03074375614811198
0.03043231312042549
0.030121924389251913
0.0298126982925896
0.029504719534717335
0.02919808697939031
0.028892887411637203
0.02858920997589925
0.028287143008246366
0.027986766145220898
0.02768816827440892
0.027391420203032875
0.02709661028039954
0.02680380118941226
0.02651307972744831
0.02622450115655876
0.02593814979980371
0.025654074187226587
0.025372355344567436
0.025093035732888656
0.02481619236248646
0.024541862253366836
0.02427011779017211
0.02400099113722035
0.023734549551946985
0.02347082088011033
0.023209866857696076
0.022951711496734247
0.02269641072166105
0.022443985140739992
0.022194484676142608
0.0219479269062225
0.021704355653515903
0.02146378578410194
0.02122625500978436
0.020991775746648903
0.020760379663130532
0.02053207693386303
0.020306893321457638
0.02008483691611732
0.019865927773845785
0.019650172008531763
0.01943758422199355
0.019228168613866333
0.019021934629180656
0.018818884572264355
0.018619023065945216
0.01842235049796877
0.018228867033543233
0.018038571085053468
0.01785145874824179
0.017667526366321316
0.017486766371686356
0.017309172911669723
0.017134735174747204
0.016963444954537395
0.01679528862462077
0.01663025543731561
0.016468329387208137
0.01630949696895982
0.016153740239176394
0.01600104269035145
0.015851384886392865
0.015704747045246114
0.01556110867350099
0.015420446456876891
0.015282739198661532
0.015147959912457619
0.015016086911303494
0.014887089459848478
0.014760945541312142
0.014637620622648635
0.014517092474383141
0.014399322741764023
0.014284289060201212
0.014171949253163311
0.014062280862267114
0.013955237913073005
0.013850797861302397
0.01374891098316305
0.013649554625384069
0.013552675389412266
0.013458250460999483
0.01336622286929595
0.013276569560047703
0.013189230122622386
0.013104181158388002
0.01302135898184862
0.012940739721916374
0.012862256617923205
0.01278588517624236
0.01271155579770669
0.012639243195925796
0.012568875208756556
0.012500425568811474
0.012433819866707767
0.012369030650328537
0.01230598161968477
0.012244643921681623
0.012184939763120073
0.012126838664687762
0.01207026177701877
0.012015176764499586
0.011961504196095409
0.011909209649767511
0.011858213621393022
0.011808479377835444
0.011759927879923988
0.011712519870375526
0.011666177336573099
0.011620858302489418
0.011576486360049827
0.011533016645762523
0.011490374942058209
0.011448513363064298
0.011407360466074159
0.011366865250056347
0.011326959619313532
0.011287589415576373
0.011248690438579513
0.011210205390089089
0.01117207444695756
0.011134237348617303
0.011096638895051771
0.011059216431715807
0.011021919285445346
0.010984683145403983
0.010947461718391853
0.010910189818481639
0.010872825361809611
0.010835303093374661
0.010797584949526293
0.010759606424660877
0.010721333273561829
0.010682702557725073
0.010643683642228887
0.010604215958729504
0.010564272274676842
0.010523795166101997
0.010482760601802773
0.010441115033307148
0.010398837443217691
0.010355878832628866
0.010312221030164923
0.010267820190156696
0.010222660844989828
0.010176704823110132
0.010129939248969213
0.010082332052088068
0.010033872871981353
0.009984536062758464
0.009934313739714176
0.009883186893924024
0.009831150116679585
0.009778191131714603
0.00972430704643268
0.009669492292987669
0.009613746573837104
0.009557070884618293
0.009499467638012325
0.009440944129326343
0.009381505628726187
0.009321165352948167
0.00925993160335156
0.009197823032487708
0.009134851165987199
0.009071039508816393
0.00900640301494946
0.008940969372560363
0.00887475716950787
0.00880779753629958
0.00874011289124781
0.00867173701071378
0.008602696319930405
0.008533026406665856
0.008462757847912075
0.00839192718928497
0.008320569261129465
0.008248720730441665
0.008176420678254363
0.00810370519663154
0.008030617322758945
0.00795719214115644
0.007883476165314289
0.007809503140429688
0.007735322476102995
0.007660966322626716
0.007586486328190238
0.007511912862014221
0.007437299094040377
0.007362673487737688
0.007288089977634676
0.007213575049441946
0.007139182624304805
0.007064937181457179
0.006990891849472856
0.006917069106019146
0.006843520525895694
0.0067702666141158906
0.006697356666842247
0.006624809260057949
0.006552670739865625
0.006480957802868686
0.006409713242562518
0.006338951924037003
0.006268712567944629
0.006199008247220237
0.006129873182884852
0.006061318681128964
0.00599337413859162
0.005926049102161669
0.005859367927270118
0.005793338388478137
0.005727979694172192
0.005663297812161387
0.005599306809159457
0.0055360107910311564
0.0054734187967979304
0.005411532996574002
0.005350357618974365
0.005289892809508227
0.005230138299133406
0.005171092109697838
0.005112749872562557
0.0050551073825962
0.004998156642775337
0.004941891120227742
0.0048862997200678675
0.0048313734909222915
0.004777098814708454
0.004723464248622503
0.004670454254147827
0.004618054849849262
0.004566249191068869
0.004515020743999271
0.004464351960534512
0.004414223801040515
0.004364618540315233
0.004315514839433229
0.004266895170287799
0.004218736216641955
0.004171020942647108
0.004123724444633862
0.004076830412117705
0.004030312793374609
0.0039841561801245125
0.003938333846556845
0.0038928314138268892
0.0038476219754923968
0.0038026922670047042
0.003758015699308306
0.0037135801721761776
0.0036693599021857485
0.003625343976186896
0.0035815078814315257
0.003537841894672603
0.003494323203468352
0.003450943264261706
0.0034076813484112045
0.003364530075044439
0.003321471127657806
0.0032784982697069347
0.0032355958628298405
0.0031927587996063173
0.0031499743182832945
0.0031072384320026585
0.003064541383361129
0.0030218803065570105
0.002979248504374383
0.002936644242956725
0.0028940638699897943
0.0028515068051235873
0.0028089723571779824
0.002766461130829101
0.0027239752481374654
0.00268151653865403
0.0026390897315401274
0.002596697926976851
0.002554348204055057
0.0025120449821568916
0.0024697973903710776
0.002427611215075376
0.0023854973017959336
0.0023434628469626655
0.002301520055005936
0.002259677566593991
0.002217948573537326
0.002176343181894255
0.0021348751953373015
0.002093556189411746
0.002052400209916196
0.0020114202851916254
0.001970630352437715
0.0019300448402862925
0.0018896772877196896
0.0018495433635166486
0.0018096560324564106
0.0017700319730849124
0.0017306834525137086
0.0016916278974412203
0.001652876789717113
0.0016144480242372018
0.0015763522414011931
0.0015386075145713497
0.0015012236131482159
0.001464218497740896
0.0014276010589859744
0.0013913888598004933
0.0013555899212522714
0.0013202211370370869
0.0012852896801802277
0.0012508115233720023
0.001216793021122465
0.0011832489985200807
0.0011501850251563008
0.0011176145815860773
0.0010855424866949763
0.0010539807127183422
0.001022933359737377
0.0009924107634677294
0.0009624163324100686
0.0009329586745894004
0.0009040405276834445
0.0008756687183568914
0.0008478453265296414
0.0008205753808697269
0.0007938603082367969
0.0007677033584238013
0.0007421053013923468
0.0007170676608806123
0.0006925905378733608
0.0006686738138894088
0.0006453169013164933
0.0006225181510695169
0.0006002762608144397
0.0005785881866015724
0.0005574518800583266
0.0005368630582721487
0.0005168188918339258
0.0004973140307730975
0.00047834482761164096
0.00045990504898853494
0.00044199019199490865
0.0004245933310790994
0.00040770907192788544
0.00039132999143309387
0.00037544977093875113
0.0003600606839224039
0.0003451554590333793
0.0003307262546440173
0.0003167648294550949
0.000303263387441991
0.00029021275411164106
0.0002776052790671056
0.0002654309301911598
0.0002536822730221722
0.00024234851116594253
0.00023142247755272792
0.0002208927162660888
0.00021075236231969167
0.00020098941317204584
0.00019159732602826038
0.0001825636696186414
0.00017388223102674538
0.00016554027026174098
0.00015753190168631582
0.00014984419604570408
0.00014247158412619988
0.0001354010639645552
0.0001286273655712585
0.00012213752587808278
0.00011592655232875896
0.00010998162566498434
0.00010429800595932941
9.88631145893841e-5
9.367243783148147e-5
8.871372533868839e-5
8.39826627413741e-5
7.946740563415798e-5
7.516381273065381e-5
7.106051276065941e-5
6.71535126421975e-5
6.343197072168527e-5
5.989201926546804e-5
5.65233920047992e-5
5.3322326185372056e-5
5.0279166199837005e-5
4.739023669780855e-5
4.464651789973734e-5
4.204440724931203e-5
3.957553640836515e-5
3.723636401862949e-5
3.501917990155116e-5
3.292049526517231e-5
3.093325668383525e-5
2.9054022127193558e-5
2.7276386212118524e-5
2.5596950490685958e-5
2.4009942478279685e-5
2.2512006506102864e-5
2.1097982298797592e-5
1.976455825374703e-5
1.8507160951081226e-5
1.7322525929919306e-5
1.6206637472643107e-5
1.515628281235928e-5
1.4167971326061828e-5
1.3238549104155436e-5
1.2365009620390277e-5
1.1544280633741953e-5
1.0773783073116037e-5
1.0050554185173487e-5
9.372386800049594e-6
8.736451109220886e-6
8.140862005107744e-6
7.582940686001112e-6
7.061079717176657e-6
6.5727645557633625e-6
6.116626186391924e-6
5.690323365468684e-6
5.292691043525583e-6
4.921566671013534e-6
4.575959148652802e-6
4.25388693782411e-6
3.954506954544021e-6
3.6760184244028658e-6
3.417704062652044e-6
3.1779415445906852e-6
2.9561205451329476e-6
2.7507932541081215e-6
2.5614405161755643e-6
2.386783877577388e-6
2.2263823174030844e-6
2.0791207673062407e-6
1.944625750884178e-6
1.8219387859399678e-6
1.7107458307998278e-6
1.6102395477938054e-6
1.520157603023421e-6
1.4398287618300298e-6
1.3690478543164675e-6
1.3073199946453585e-6
1.2544284378622223e-6
1.2097764261989232e-6
1.1735722464136576e-6
1.1466735109354238e-6
1.126846043292908e-6
0.0
0.0
0.0
0.0
0.0
0.0
0.0
0.0
0.0
0.0
0.0
0.0
0.0
0.0
0.0
0.0
0.0
0.0
0.0
0.0
0.0
0.0
0.0
0.0
0.0
0.0
0.0
0.0
0.0
0.0
0.0
0.0
0.0
0.0
0.0
0.0
0.0
0.0
0.0
0.0
0.0
0.0
0.0
0.0
0.0
0.0
0.0
0.0
0.0
0.0
0.0
0.0
0.0
0.0
0.0
0.0
0.0
0.0
0.0
0.0
0.0
0.0
0.0
0.0
0.0
0.0
0.0
0.0
0.0
0.0
0.0
0.0
0.0
0.0
0.0
0.0
0.0
0.0
0.0
0.0
0.0
0.0
0.0
0.0
0.0
0.0
0.0
0.0
0.0
0.0
0.0
0.0
0.0
0.0
0.0
0.0
0.0
0.0
0.0
0.0
0.0
0.0
0.0
0.0
0.0
0.0
0.0
0.0
0.0
0.0
0.0
0.0
0.0
0.0
0.0
0.0
0.0
0.0
0.0
0.0
0.0
0.0
0.0
0.0
0.0
0.0
0.0
0.0
0.0
0.0
0.0
0.0
0.0
0.0
0.0
0.0
0.0
0.0
0.0
0.0
0.0
0.0
0.0
0.0
0.0
0.0
0.0
0.0
0.0
0.0
0.0
0.0
0.0
0.0
0.0
0.0
0.0
0.0
0.0
0.0
0.0
0.0
0.0
0.0
0.0
0.0
0.0
0.0
0.0
0.0
0.0
0.0
0.0
0.0
0.0
0.0
0.0
0.0
0.0
0.0
0.0
0.0
0.0
0.0
0.0
0.0
0.0
0.0
0.0
0.0
0.0
0.0
0.0
0.0
0.0
0.0
0.0
0.0
0.0
0.0
0.0
0.0
0.0
0.0
0.0
0.0
0.0
0.0
0.0
0.0
0.0
0.0
0.0
0.0
0.0
0.0
0.0
0.0
0.0
0.0
0.0
0.0
0.0
0.0
0.0
0.0
0.0
0.0
0.0
0.0
0.0
0.0
0.0
0.0
0.0
0.0
0.0
0.0
0.0
0.0
0.0
0.0
0.0
0.0
0.0
0.0
0.0
0.0
0.0
0.0
0.0
0.0
0.0
0.0
0.0
0.0
0.0
0.0
0.0
0.0
0.0
0.0
0.0
0.0
0.0
0.0
0.0
0.0
0.0
0.0
0.0
0.0
0.0
0.0
0.0
0.0
0.0
0.0
0.0
0.0
0.0
0.0
0.0
0.0
0.0
0.0
0.0
0.0
0.0
0.0
0.0
0.0
0.0
0.0
0.0
0.0
0.0
0.0
0.0
0.0
0.0
0.0
0.0
0.0
0.0
0.0
0.0
0.0
0.0
0.0
0.0
0.0
0.0
0.0
0.0
0.0
0.0
0.0
0.0
0.0
0.0
0.0
0.0
0.0
0.0
0.0
0.0
0.0
0.0
0.0
0.0
0.0
0.0
0.0
0.0
0.0
0.0
0.0
0.0
0.0
0.0
0.0
0.0
0.0
0.0
0.0
0.0
0.0
0.0
0.0
0.0
0.0
0.0
0.0
0.0
0.0
0.0
0.0
0.0
0.0
0.0
0.0
0.0
0.0
0.0
0.0
0.0
0.0
0.0
0.0
0.0
0.0
0.0
0.0
0.0
0.0
0.0
0.0
0.0
0.0
0.0
0.0
0.0
0.0
0.0
0.0
0.0
0.0
0.0
0.0
0.0
0.0
0.0
0.0
0.0
0.0
0.0
0.0
0.0
0.0
0.0
0.0
0.0
0.0
0.0
0.0
0.0
0.0
0.0
0.0
0.0
0.0
0.0
0.0
0.0
0.0
0.0
0.0
0.0
0.0
0.0
0.0
0.0
0.0
0.0
0.0
0.0
0.0
0.0
0.0
0.0
0.0
0.0
0.0
0.0
0.0
0.0
0.0
0.0
0.0
0.0
0.0
0.0
0.0
0.0
0.0
0.0
0.0
0.0
0.0
0.0
0.0
0.0
0.0
0.0
0.0
0.0
0.0
0.0
0.0
0.0
0.0
0.0
0.0
0.0
0.0
0.0
0.0
0.0
0.0
0.0
0.0
0.0
0.0
0.0
0.0
0.0
0.0
0.0
0.0
0.0
0.0
0.0
0.0
0.0
0.0
0.0
0.0
